436699
1500559
1837078
2217122
6738617
7142789
37272757
40856353
41946127
52161607
66762697
75565349
79373309
85418467
98784641
112668991
188522903
205072501
221912633
256500533
321571891
326987567
365343703
366441479
377412473
406201181
423845971
425403323
433239823
435331619
469290221
497326633
542244403
612442307
737740093
738860623
758390251
797658739
799260841
808710121
842510771
921516107
939443677
982156411
1003254839
1030102961
1116182051
1144504037
1156577573
1167841277
1246964947
1270728659
1283728783
1294308997
1310511061
1343761043
1387567703
1413280951
1414576687
1569455077
1666593811
1681724621
1790074439
1827469921
1938511063
1993809611
2017455767
2021890477
2025782131
2082655019
2120412421
2194803293
2233052851
2242485083
2307385259
2328829673
2364623117
2493658201
2526575329
2530367053
2536604333
2650051969
2671615033
2695074269
2778070961
2852669903
2882066189
2890047707
2890156127
2915681809
2925658933
2950159603
2973491149
3033763309
3063410309
3071502479
3176437751
3218255699
3253045363
3343184399
3393977369
3485723993
3541116223
3607794511
3633768599
3657707513
3658008659
3676165741
3694674859
3758639201
3762621953
3790652477
3799926437
3819282667
3872319701
3940000061
3952927939
3974200001
3981165673
3994436483
4011225899
4073366369
4094922479
4148918933
4297373347
4376747833
4383903941
4466263049
4492298791
4538259629
4629899249
4654468873
4700421067
4741589399
4758431551
4780807931
4798012759
4851536953
4876318549
5058580481
5065277059
5077716353
5156380399
5178361127
5180893183
5218055581
5218353499
5276380937
5293987057
5622333709
5643427297
5690012519
5716262771
5727590381
5740004323
5752915823
5782481203
5815198999
5821215031
5885082131
5914441781
5919532019
5928057241
5956239671
5987432279
6033337543
6037486381
6065460671
6125020051
6158971969
6165177197
6194505313
6211298461
6283281833
6285687523
6361668253
6374677147
6433142347
6512126563
6521244083
6683175391
6790996469
6808294991
6942708209
6958008517
6990324529
7015377647
7036379279
7059605237
7101808793
7163187469
7238848429
7248142103
7291086839
7321570649
7376526071
7452102127
7472186413
7484098849
7501267159
7552184371
7582175467
7613587379
7672979617
7676615363
7748219273
7770675149
7874927729
7942999787
8023212163
8039569301
8059748503
8159345167
8254665827
8385880519
8416289243
8440410707
8451749819
8498042291
8504738729
8532992539
8538021727
8617551727
8622171169
8641873469
8719219723
8769036701
8784776801
8816914049
8864624893
8881426691
8955274621
8956068523
8963761637
9017245651
9025514053
9031609973
9057190063
9078700291
9085389893
9146199901
9179136541
9237041837
9307709129
9340955189
9361772447
9377537627
9398499457
9422253773
9446353157
9515389727
9520227403
9672499973
9681659671
9690545959
9762824807
9773544161
9783818123
9793087861
9912967439
9959211083
10011550841
10031497891
10059173821
10159453247
10199334091
10320496127
10336415171
10346456621
10437329393
10739595421
10748068033
10797552569
10803410719
10883009341
10915683593
10996152919
11024533783
11039533751
11053422011
11205176267
11277809429
11288492317
11319906547
11404721227
11517234787
11543472581
11691495559
11804584403
11835708221
11836864367
11872272551
11949684113
11956290107
12072797279
12116033983
12218834743
12245759627
12343971769
12439864363
12477871873
12478410323
12489556567
12503943509
12511967999
12663824903
12687510637
12744904127
12898606403
12931962619
12936762889
12949972397
13027622233
13028988613
13075736351
13102544671
13131044021
13158968551
13243028269
13254507967
13361392501
13380577183
13385521133
13741388741
13781215037
13829632937
13952794909
13968078167
13989061279
14013027593
14146108831
14152193597
14152809647
14186245103
14414421139
14422326071
14439763339
14467618519
14514581261
14630371163
14748568459
14856406277
15005032391
15152939561
15156895781
15296094599
15489986921
15494192869
15524629949
15833200157
15918415043
15928421933
15947265553
15958999961
16074905771
16175941241
16239393851
16245770137
16281259817
16299865679
16313538937
16444312019
16491539081
16502585851
16517046701
16525636531
16582672609
16639365343
16642414123
16793833369
16897047449
16900303111
17007960337
17163375421
17189794313
17272716467
17286338683
17291344549
17324540029
17373342713
17496000133
17510306683
17587502887
17606877727
17686679459
17691611299
17748641843
17787643301
17809148963
17835534781
17871323891
17892693373
18019728029
18053038589
18116989411
18128730743
18132362327
18180544513
18313171153
18343798727
18408850829
18692350097
18865034219
18873777029
18940459793
18969859427
18987507113
19085275379
19097206543
19130810659
19148471861
19208540963
19246378279
19295367739
19457632223
19606033541
19623137467
19717410289
19762411577
19863267269
19911489113
19935745939
20009972993
20023609519
20123856209
20164104689
20180137337
20199162089
20227410079
20477853457
20575179217
20579473729
20619570527
20671760803
20700702427
20872898117
21019403777
21105056173
21197276057
21257177597
21474454999
21569660677
21574763593
21669867179
21677985079
21754669451
21825039539
21831985709
21847211209
21880004231
21925849871
21966992653
22119009413
22188801409
22335588109
22397560363
22407782689
22412538283
22447242299
22472538463
22478090471
22489527509
22495320803
22550009791
22615489213
22724030479
22754324231
22815423571
22867961579
22897431961
22993443647
23000100517
23048361563
23164577831
23194617067
23358483481
23432225263
23482679963
23496669271
23500412063
23511799891
23514741827
23545872563
23651481977
23675831191
23748434287
23754140413
23759801081
23766467093
23780501177
23810174363
23928905149
24007672189
24067147451
24107390641
24162973123
24205342943
24345122689
24360399163
24402963989
24491394979
24546717973
24587949853
24594978413
24631693253
24644965361
24705414289
24838416067
24892644341
24930340313
24939003157
24999768601
25005547331
25150366567
25191082393
25355035193
25445943799
25560799499
25572470179
25589353481
25591016047
25704755789
25829043491
25965478579
26010196591
26020099093
26093839301
26114873431
26131941919
26169843421
26181867233
26297485177
26425982647
26439141077
26460699143
26518248041
26535515521
26558330963
26565474109
26577605881
26636039107
26927570671
26933562137
27061032533
27168485209
27172045819
27211908499
27231530489
27267134803
27298681381
27401449819
27427719877
27486732239
27525458981
27854889677
27940088443
28036012643
28044419797
28069078283
28142340007
28173613529
28214120279
28290553243
28316307301
28321677341
28378048499
28404592903
28447806461
28611984679
28704469897
28762005353
28790843941
28946513339
28967089423
29118564331
29275003687
29283940577
29317345747
29332493767
29361223007
29365050313
29367695507
29429418593
29657489761
29721498041
29780076211
29783336411
29803803989
29811059591
29889992669
29909674037
30005041217
30021553489
30049756909
30076339543
30128767369
30129590963
30184047809
30225507647
30279241913
30282549373
30537895769
30572860757
30665567131
30720874949
30755646121
30785083807
30841189567
30945591751
30987287299
30988883053
30995087359
31034549807
31153203269
31177803841
31202641933
31286599493
31297587943
31301479591
31413442259
31451595481
31502556919
31537102463
31617719239
31698832301
31768310521
31816364579
31827242143
31842520279
31910886193
32169790039
32174403631
32322085373
32409504227
32593720207
32604945941
32607217597
32738512307
32894073197
33005079977
33035811073
33065993369
33230760833
33269960627
33522842039
33561096809
33578147621
33609637561
33684020551
33694999187
33733212971
33799937429
33824932399
33940119221
34042030147
34066795513
34192842361
34359790537
34385457739
34415628383
34481740243
34507743401
34583725937
34613273701
34721446033
34758589337
34799187989
34811412959
35045976421
35144041739
35154861337
35196516359
35413476853
35693283289
35714311007
35746032863
35767587643
35785153499
35833977721
35844709297
35878700381
35901038699
35902917041
35923009271
35926995037
35932981739
35969075641
36045486497
36252058309
36313064497
36319942063
36322841173
36397734823
36442099333
36576282679
36587607107
36616973909
36617886127
36984869563
37035343223
37231246919
37260042419
37330140811
37402925129
37697997787
37698059653
37870249321
37938457339
37980336217
38036074841
38083099079
38584115291
38614597787
38746038959
38750044643
38794800269
38837466907
38906524837
38927769743
38938476923
38953193743
38981524693
39005396063
39141914543
39625964969
39705195193
39709773937
39863234137
39898189181
39900460063
39980760179
40061395811
40111071823
40165120447
40226401223
40508309341
40660737041
40717903997
40765205969
40779002609
40827124183
40887168037
40889753423
40895566471
40977942497
40986774091
41014750883
41103043381
41143908431
41172605359
41177151473
41191546177
41274973973
41312861687
41359625729
41515059169
41530780699
41533203337
41687330413
41827135709
42006822181
42106284127
42440419253
42561967387
42595323061
42602796893
42846701803
43003071613
43129087471
43143365107
43307720713
43363789631
43431142739
43491943193
43536550919
43690467371
43703307451
43747677473
43827862633
43874259019
43963892761
44149051577
44256811993
44339534087
44563092599
44581848937
44664535417
44711576839
45022705487
45190256191
45311889809
45430921609
45524334733
45653467151
46015961113
46244927233
46249214549
46419201571
46473214793
46726333831
46800029663
47017092341
47090424317
47104218559
47152953377
47171077727
47329486727
47394290767
47406955087
47470700659
47506138621
47649152867
48004790321
48023853847
48098490457
48142758709
48192882449
48199853057
48336391307
48442806151
48495058553
48579765229
48582060287
48635878043
48890490767
48939803519
48976822309
49031310281
49122972607
49211473501
49224761633
49353341197
49382356913
49441687651
49468942637
49520316971
49564104703
49740885433
49908965839
49980786221
49984014121
50117246701
50143029841
50152620263
50266191419
50424947347
50447744617
50505486121
50545022089
50566454767
50966920447
50973688279
51261368219
51339431887
51391050649
51550556867
51560699269
51577000967
51578860507
51582928277
51744696893
51818414251
51866220877
51869197651
51879363763
52144304903
52153558339
52183645531
52486002559
52515594493
52627850881
52642921697
52658591753
52804459927
52881315493
52893248813
52951652477
52960192589
52981570157
52992981227
53012219111
53063612029
53181392783
53267198129
53270170727
53341365191
53411517629
53464914137
53519643101
53638731851
53669767247
53866405231
54200075981
54266526961
54591468989
54653189411
54765183917
54849830729
54910308181
55065609329
55094547499
55146227287
55226354441
55266012391
55275393077
55317411901
55334087243
55422950449
55517989909
55587297611
55717511929
55732457239
55853488907
55883686823
55945757473
55986003001
56269868143
56296046269
56399931737
56595709487
56631732907
56874047473
57137784833
57214759051
57355861501
57427855981
57449973017
57472293097
57483512129
57544889737
57637602941
57707026123
57747841667
57901626659
57932535329
57972014071
58119197753
58224642583
58358259863
58430959127
58438757423
58441263701
58457297993
58537220891
58588638799
58604358581
58653772753
58850495981
58902263461
58912320641
59014129313
59360709533
59449413701
59512000001
59572801931
59702340421
59804391007
59846718551
59889672877
60032379203
60295122649
60312925667
60351142513
60509499019
60866182477
60909256853
60992539613
61002907741
61031855201
61082848259
61129958387
61151879099
61190851871
61203870911
61232891729
61272606331
61339398221
61415276371
61561020919
61756886777
61774106341
61933393891
62120635609
62155009717
62184740479
62185227649
62838807503
62847783631
63031894813
63043008803
63195498941
63354800293
63399516907
63451476373
63578329369
63616443217
63632727547
63634125901
63738964481
63918623603
63921846473
64016361103
64204000529
64227445813
64448916671
64449869053
64475991301
64520314097
64592193097
64809231029
64822814317
64899463067
64989148789
65007247567
65051576489
65063375989
65096981249
65116948331
65125524767
65210310017
65297153963
65309731831
65314200691
65317653811
65337910753
65453528951
65501268671
65870785789
65977642693
66003715091
66304701521
66376169887
66417347611
66507041093
66565138853
66662964521
66692228611
66970104829
67005704141
67290508981
67337705947
67397692939
67436382749
67510721281
67598822353
67806574763
67879903219
67979153147
68041348099
68056568659
68119179169
68189902813
68288397083
68320427927
68547216979
68698133563
68987592073
69086519857
69149960051
69199563031
69244071073
69258026177
69292940383
69330389413
69344737223
69373048457
69452445901
69975299389
70148102767
70212546697
70334280943
70363478371
70526348567
70589657833
70863282047
71417537281
71495888897
72315689623
72541008763
72669772243
72740197489
72784214533
72814606201
72910903873
72913908971
73009310411
73229243177
73400445049
73837413893
73904782309
73976162119
74109059659
74274004459
74418629281
74433963733
74541186613
74665452341
74700302113
74700524519
74702944787
74737864727
74830035407
74885261453
74893400741
74964304801
75007952641
75297462073
75311258941
75455853821
75562819907
75611150453
75666959939
75758015453
75809385467
75893336411
75904747903
75987098827
76172005237
76289882657
76344043631
76490840273
76684276939
76698586777
76799168731
76843453403
76947251393
76996345079
77013042329
77020348861
77057283461
77066736521
77290241701
77356668421
77428033817
77551343783
77571520711
77661540941
77677384403
77801456581
77893412153
77912620319
78027670783
78027897547
78259569209
78304690381
78445281979
78577675049
78611897009
78671475347
78826457893
78898306369
78911106959
79015250851
79094279731
79146443119
79165490933
79194050407
79237422269
79261046203
79325539669
79340875247
79443551123
79519289753
79728099973
79781234587
79899994871
79963323287
79969468693
80005749983
80027394653
80176736071
80551477067
80604871021
80645651083
80705473661
80846379113
80871082771
80966012521
80976718819
81031916051
81134393801
81253301111
81276399151
81289702141
81337921607
81371658721
81468690733
81623463511
81778619693
81990519713
82013201323
82093499687
82124459959
82321239391
82410462353
82564286491
82582923911
82705922899
83085907061
83337860293
83339005891
83465735383
83509348843
83509988689
83538839827
83556585881
83566535119
83746277093
83784041953
83809989517
84116510917
84163996771
84353262589
84381014329
84470116259
84510812479
84546757487
84669318341
84710812817
84795140279
84814037909
84857742169
84888743521
84889934011
84987974861
85135070689
85165529807
85192329707
85290772891
85328173529
85328286179
85698902671
85789728019
85879806041
85979281643
86286956141
86331698447
86375939423
86377416341
86427098899
86473095223
86518376453
86550992947
86692377347
86720411759
86958073721
87000330353
87204968959
87308694689
87325783879
87355502321
87572260159
87640891801
87864665561
87930364303
87967069427
88185314167
88191880079
88393882249
88409521303
88592526091
88641884671
88837126139
88860619721
89032312693
89262111677
89704082261
89777795879
89866964717
89906050081
90140317097
90466810433
90500694013
90876722621
90967743479
91002271207
91022326783
91301898511
91303953101
91361213351
91407959143
91451328967
91565797997
91823688199
91974915199
92024550493
92093740813
92402755037
92964545627
92972634577
93007172551
93024237491
93130960597
93155828257
93207073381
93224089381
93888535831
94055060929
94127795617
94214754449
94365166969
94562080597
94910384299
94948610777
95030116897
95226946967
95241880211
95267614489
95286741169
95360581391
95500804393
95607694577
95731699619
95799537653
96081186763
96159185783
96262374391
96544380943
96566545921
96581666281
96653283647
96719649503
96852511517
96979233341
97119065083
97133842739
97167045511
97184158733
97278837949
97368424631
97415187361
97485070169
97809338303
97879771903
98088002497
98133618029
98197870733
98209808369
98367194899
98616511739
98767533329
98862223267
98892530729
99055411967
99103009633
99141625493
99327153091
99360098899
99484661737
99691955887
99795735311
99921765667
100115950871
100415425793
100490965567
100555518559
100823719483
100830570101
101265908239
101342427239
101561901019
101693438039
101752297169
101867045429
101961542983
102136131547
102322069243
102412247711
102543274123
102667458667
102844759351
102929823067
102999434179
103206116669
103405825709
103496866409
103503145901
103585433843
103693079587
104035327373
104079273013
104083479133
104111721451
104379130039
104750945573
104779778689
104791281971
104809503991
104829794009
104934259519
105058106903
105187471057
105273356801
105543398021
105652261417
105667945589
105810496541
106068006271
106458152993
106496462773
106519636681
106523376331
106615933393
106754291593
106815728077
106943356123
107082500873
107124052801
107234929397
107615921159
107753060221
107806439597
107879769527
108059158901
108121472773
108296664349
108529087321
108600092333
108675703583
108701346463
108724617193
108796389089
108862904533
108930194753
108969882127
109082275777
109390520227
109478488817
109687268227
109694108857
109804820353
109830680441
110023573949
110125106863
110164601779
110199795533
110453790737
110508932873
110691020749
110873435503
111167415617
111177148289
111194463197
111233350091
111319026139
111379573367
111484359851
111530609017
111662565769
111757772923
111769461673
111889576679
112054438297
112418176121
112423124629
112425640247
112500379633
112667630783
112761672329
112771886533
113039824921
113209437547
113218100393
113235007069
113302463453
113314833469
113396693129
113403631541
113492401213
113693073199
113733948623
113743702687
113894608913
114028369309
114096190661
114222977041
114479235191
114648887687
114724860413
115000714447
115084871939
115168934989
115198444681
115535314177
115558132909
115794023951
115870750397
116002693757
116188394243
116377668361
116414523037
116529424769
116584188647
116738500717
116810155391
117071319667
117249572977
117363477577
117631436207
117738829759
117820248823
118401603293
118504912873
118552573099
118681702193
118775221867
118779927377
118786925503
118858923437
119003893667
119052382613
119121396941
119217532019
119303395483
119406822949
119519008523
119619098609
119887269811
119888464123
119963048633
120779272501
120838226603
120935343721
120936277703
121043846893
121206366431
121320766309
121587017969
121625673151
121661859569
121677680053
121762113283
121785643751
121902993419
122085526357
122228888941
122331503011
122682886583
122851722349
122864974237
123445004873
123616378087
123687423577
123736686121
123805684133
123810605459
124027529939
124057801247
124133304791
124194232091
124333865899
124479641999
124508390179
124555126673
124677748343
124815949189
124893388813
125146233697
125173206677
125180146537
125184773029
125235891317
125294318407
125449059247
125816411047
125870079319
125916294533
125975128973
126058238311
126130082461
126366728651
126642363259
126695199373
126725430901
126764706049
126902998961
126911542757
127332058417
127575621109
127653463241
127705521631
127870775863
127898661697
128139234043
128250432151
128372697121
128440833011
128662283327
128709592087
128735992753
129034383199
129062498041
129120921271
129122036933
129271722731
129813491341
129877069457
129943111411
129998444987
130130007323
130586605367
130604476909
130607053589
130637299549
130643674933
130807737751
131200103791
131284188331
131502941681
131543888513
131639664227
131712073397
131923988773
132120765701
132126775237
132136076231
132143952467
132297619483
132413985733
132743956973
133241069827
133403470979
133477319851
133493909033
133636865447
133826207987
133986025961
133988316109
133991135273
134178358819
134230049593
134230118447
134297474891
134390710697
134534915939
134588125351
134633837561
134676086707
134961744041
135002550821
135234400177
135346362973
135730900351
135734247757
135778326829
135815416379
136115174477
136336898101
136653877709
136654723879
136738727479
136786079561
136911241079
137093918231
137121899753
137158247243
137359280831
137448229901
137549339699
137875248143
137955092393
138050802821
138306701059
138682175993
138691275929
138694573153
138888767183
139111229771
139403561093
139472312663
139719626269
139768680589
140217729389
140249164021
140414353481
140556856189
140656376969
140690063947
140700867469
140714516717
141155907527
141400815497
141559887103
142023807103
142024446041
142083845653
142212778541
142249397791
142516784299
142758259387
143061810989
143220694993
143436675611
143483323609
143552658559
143566596049
143602498643
143721424219
143755534817
143883479527
144115402997
144219263423
144304401193
144454299203
144533438867
144572743831
144669426761
144802519003
145026911683
145214486239
145245486107
145493681219
146138320717
146293847929
146357909669
146462362727
146489977351
146533151929
146945808319
147080070043
147139148447
147311194523
147330335501
147334346323
147402276809
147504827377
147513424337
147524266133
147525008251
147722306827
147911830229
147998726741
148208477357
148262503157
148596370717
148679058673
148728827021
148752833377
148771544107
149290932743
149455569209
149462081749
149477295593
149723717999
150043890653
150160130009
150236311633
150238694399
150259478041
150347156461
150377877607
150455932247
150494814269
150718441141
150723337139
150805358827
151000776209
151160101927
151173047357
151449111181
151663847903
151855839829
151939721887
152671856789
152785119659
152886223769
152983709107
153010226077
153068130863
153200481271
153363738389
153948387773
154394201537
154510995449
154547980567
154612456553
154679935453
154717534813
154800652711
155039659889
155243603087
155288546099
155401478371
155857338073
156095755637
156331689821
156673745593
156721569691
156766340219
156863995523
156919085809
157054677569
157086410227
157201877597
157207856957
157292229817
157618266781
157629816059
157780970101
157937936749
157947748421
158090073731
158278431841
158451033287
158558254949
158602779191
158639852209
158736767201
158748581483
158864479981
159142949887
159205139411
159297852193
159309899071
159371774137
159486903871
159673779227
159900213673
160045953761
160259745133
160663222177
160673632627
161018932883
161210447059
161367757627
161810364931
161903068783
162368253701
162785516759
162823524029
162874989859
163128506029
163505231411
163657356293
163703067361
163821082609
163900952563
163935855511
164266542611
164877603043
164941906201
164989735429
165272196259
165560545009
166091140997
166170873859
166546140161
166628020799
166693693393
166743127637
166887247393
166985717203
167127708037
167323406071
167422761829
167451879757
167534975693
167679388181
167872080907
168100007693
168289912051
168449242999
168682920127
168900566239
168940398707
169139182859
169561272707
169845924133
170050928213
170177252617
170205217597
170642816297
170829153281
170834943283
170848628047
170914642417
170960479033
171036471149
171221525239
171278330687
171378754139
171623414467
171709746977
172060021883
172368904861
172810573877
173382016063
173450623343
173638555399
173737762361
173754929743
173798044487
174118060799
174238987201
174264914207
174400327669
174672040591
174842665631
175051192741
175888456061
175900745851
176028778829
176178428219
176356466831
177591859451
177594414197
177753358001
177844586261
177925005161
178371871939
178517145577
178694010721
178743479531
178973060111
179124624739
179349752321
179418690929
179429341447
179511462191
180250747879
180784300969
180830519113
181032859901
181161302561
181401829109
181440308431
181454559623
181630357463
181901074547
181937290433
181943068007
181985407453
181988977369
182225010739
182353373557
182703722899
182844154039
183079993189
183151579993
183341887207
183480527299
183609201071
183650982979
183728280877
183742647083
183781507681
183801119569
184448103977
184484677291
184496913593
184561822849
185066583799
185123600527
185272929529
185335714103
185379035461
185543750993
185617873339
185644692047
185648399929
186330922171
186555151943
186568487753
186945439507
187044605983
187093292951
187284592841
187572538031
187837097411
187953926939
188001513017
188355473717
188543892169
188689481917
188893570757
189028167173
189115735979
189156316957
189644278679
190089641257
191008698421
191025446083
191166438599
191397610909
191597726461
191690692993
191894500349
192232561349
192343501373
192645494869
192810574003
193093851823
193098743107
193303177729
193988286539
194002529243
194321904583
194549301449
194597096921
194807818019
195179177723
195294238499
195366936437
195560281027
195653944069
195681925781
195770169277
195947178799
195967085719
196174844443
196292606593
196318052851
196360524317
196454513371
196485051617
196765711063
196980006133
197106911909
197400550681
197589972493
197721208609
197927968141
198258436841
198490218097
198673591273
198739040377
199001478421
199002959303
199290297197
199324415029
199331184397
199380646021
199401834451
199480537279
199542156941
199692491197
199808983181
199914311371
200024115829
200139745937
200225882447
200301664469
200422891993
200721451639
200738031763
200976741061
201011614493
201047004029
201064507627
201145518647
201183792773
201352858297
201422285329
201472467101
201910712659
202114128479
202242661237
202332263377
202662951287
203446178813
204047861441
204436693387
204681680267
204704786411
204787311947
205052072497
205085461697
205160470733
205498314317
205508430227
205652408749
205736189993
205978502453
205988284849
206035798757
206114795059
206417872511
206643445951
206798606101
206908536881
207006091223
207050579963
207172715801
207211129241
207491944417
207528665219
207551929283
207650981071
207747790489
207749307559
208380240413
208460091163
208769157281
208835876209
208957533179
209000861411
209267840083
209569205467
209681542619
209851083509
209972623681
210061663739
210235905023
210256832593
210277153771
210310403357
210316339669
210416464471
210497985499
210646787797
210663969007
210718307927
210725706613
210821778803
210881311841
210936496051
211704184501
211750115111
211821431483
212170082549
212171564047
212218118153
212246692759
212299665737
212320976149
212788507889
212828783311
212856498091
213010530319
213067675397
213090068809
213188659091
213283933007
213334649813
213353748973
213382784113
213400353163
213675039769
213876515371
213943469491
214175679581
214286842541
214307946511
214392268231
214575739811
214596572291
214673930489
214758082787
214892506931
215139460457
215179471477
215260911913
215482955341
215511336121
215512389823
215800229719
216089910947
216404047493
216438411509
216459506563
216604712341
216793406611
216912598711
216958233641
216977929139
217076884421
217092994409
217396686901
217685142209
217806766213
217840782443
217925308537
218019725663
218051369909
218052380597
218324061869
218347084489
218357996503
218437041181
218452524289
218690006189
218926207993
219277610347
219453371017
219671231123
220123881961
220149686303
220334170577
220387602011
220596264131
220779321911
220844032483
221272561693
221349092561
221848175741
222222554377
222406898309
222877374773
223186121071
223287189817
223468382659
223962643117
224222518523
224367691931
224471060003
224555647717
224736666949
224903672369
225103326631
225257910497
225324889247
225503699899
225567982877
225647062621
226383495131
226922926211
226974651287
227032773173
227642514293
228210066349
228428880233
228743859529
228863046701
228875361523
229018667147
229392546343
229597136413
229847842123
229900085353
230179518977
230318646731
230409364321
230657381081
230928577753
231006024089
231006508927
231017081843
231216997159
231449364659
231662748641
231680685161
231812763869
232691171023
232937062243
233424101429
233443062871
233624473211
233831997941
233966262811
234158838349
234309805123
234437302279
234495194561
234554263289
234766046551
234803347091
234887089027
235143652637
235310699941
235336017359
235561306679
235877148161
235936188919
236010138239
236042863201
236072299493
236084474413
236092297313
236126798419
236211752213
236512739171
236800706239
236821529489
236938135199
237016980169
237287187857
237609419941
237695042017
238066428001
238293287797
238331436419
238404469909
238451165791
238460122529
238621385239
238697699423
238805907317
238824421943
238825333081
239244466117
239244527773
239340493529
239499057911
239534419183
239560321621
239823512791
239877865837
240005008387
240015781589
240018739529
240134380441
240500050111
240792589637
240967529477
241017674851
241044459829
241332290357
241558487297
241726184131
241810017103
241810688341
241846916189
241911842833
241976380579
242155864103
242186098093
242618571967
243303301273
243402580709
243407901259
243451319431
243561539911
243837533777
243998323301
244160513249
244221455839
244655622521
244690149173
244760685193
245294111071
245561491159
245778048353
245786234831
246017341789
246219633347
246413721097
246511811237
246515815747
246758758033
247423568851
247490727811
247930856279
248333818331
248624252977
249360994111
249364948333
249617419837
249649109071
249709308187
250065206389
250200548333
250896031951
251206101373
251733011471
251977882157
252023293979
252727948727
253194709303
253400340943
253646210869
253786559203
253986534803
254016468917
254101865477
254185516777
254381823197
254395355023
254407435153
254473712923
254640263219
254738673251
255772820021
255773864419
255931733333
255959242027
255988472941
256053957661
256426141703
256429338481
256487873623
256605270287
256608163783
256611392579
256902111107
256982780321
257053085551
257230197871
257550159949
257612544929
257779505693
257846974579
258136538701
258148784321
258161572283
258186889067
258485967053
258756313033
259025192099
259219067231
259242090533
259268399657
259280736371
259280879651
259443530513
259538815769
259868146711
259904645753
259942164737
260270277497
260323606199
260377541323
260529012343
260547103291
260953356791
261029130419
261394786879
261405364721
261412298417
261630053479
261943053247
262062336113
262342036681
262559048879
262628530517
262629894001
262813297931
262859896633
262935600163
263227020527
263566202173
263996107439
264303218489
264351326933
264433416571
264569282491
264587598059
264958124659
265388885947
265401432199
265794299941
265989191443
266107614551
266132018807
266444615639
266630638949
266637454819
267104355701
267983878067
268231351417
268288387667
268475160529
268588140049
269270293223
269825103337
269880952961
270037519597
270256594351
270399954103
270515746471
270600277027
270825950159
271135057231
271240912897
271371510317
271397609911
271491007279
271597902337
271631725349
271652414003
271990198511
272172409211
272206833923
272561657653
272565015673
272625882721
272822078519
272846842483
273229308577
273565646533
273672424393
273715437973
273932288771
274284568457
274919817703
274983554089
275357298149
275619582893
275890067641
275934190111
276129976391
276422065651
276598780957
276657694477
277897044463
277960506541
278013849653
278564603167
278939891287
279152768201
280169795911
280958193013
280983927353
281097804551
281102542907
281119176427
281160832969
281218970293
281225717683
281248835089
281448296177
281609334463
281878924669
281972463719
282029402371
282183879331
282256411189
282526396741
282560178067
282611175653
283593955313
283635960511
283749723139
283846733063
284038763461
284327616101
284386690829
284586217429
284828876309
285058545157
285400940651
285402204907
285485505023
285649986131
285670238081
285855654137
286321464997
286689591823
287105937101
287268786223
287305283477
287467357141
287574910661
287592094129
287739685367
287808408731
288019898833
288189840391
288277199281
288478794281
288836553937
289550287987
289698722707
289878553337
289905011971
290000663893
290182582451
290936469139
291222882967
291409461647
291677183023
291685169077
292346071649
292758557501
292958458393
293032900001
293238910361
293322437491
293355425063
293381452783
293416137269
293470198579
293619770201
293631517679
293753666299
294186642779
294267378271
294764687909
294874653217
294879659873
295062229967
295210998391
295332166319
295382585237
295828457761
295983819559
295991561737
296029126031
296156678269
296198484473
296451921611
296697172631
296910377657
297013067311
297114607151
297136120511
297444919129
297674146981
297716758583
298166859923
298178349109
298208508527
298263858733
298375083841
299356326569
299558125847
299625891377
300498836903
300911251633
300994215799
301085378101
301298297477
301388360747
301635933479
301873986181
302228890189
302680123793
303197306453
303351586117
303544255009
303696088879
304159137647
304181417899
304237184959
304303638689
304402696681
304703512417
305086632601
305311124119
305887224827
306287648861
306523348697
306528705097
306565374919
306583610933
306646248367
307020707657
307231231529
307470706483
307722112283
307732470809
307956679631
307960852189
307966442131
307970510509
308023691431
308028341039
308042468347
308042668861
308364328543
308561010869
308585538257
308609244443
309152215637
309784222021
309885301483
310023233269
310268902357
310399725659
310548348571
310876360261
311123763529
312171616697
312263610649
313090884973
313253439193
313412591633
313698532361
314226497303
314390050787
314720134693
314762995277
314765671853
315315047687
315354841339
315430701931
315732594889
315748618379
315935115043
316018041473
316137910327
316367936809
316808255431
316956056161
317016293723
317252354059
317267618839
317510302117
317618135459
318130045759
318152020777
318439827353
318510527611
318530251111
318968482031
319130879537
319721770651
319778104439
319790858383
319916553959
319931358029
320132354693
320420681369
321100095179
321286730753
321524036903
321713407783
321781241021
322259669891
322455394201
322489653503
322853661539
323060157389
323100199957
323409299989
323780237089
323879449753
324428056781
324442261921
325070743813
325295459471
325369237051
325406819957
325450692397
325679540777
325915223279
326468828243
326527682933
327019232609
327079527319
327378282113
327528037481
328026075077
328270761733
328684722791
328833537317
329010140111
329388680773
329485152949
329588753183
329627284141
329667309421
329803562629
330074968259
330255169117
330273107849
330314275457
330416095171
330505445047
331803516503
331842561311
332278889069
332354223433
332395058999
332440060159
332523373297
332605837909
332983756621
333149514377
333418035989
333479004949
333832607803
334173921989
334573194803
334681573619
335257174333
335413430389
335517239363
335622036361
336517095847
336922744049
337028992441
337090043669
337444641629
337521596183
337649616893
338530222561
338585055619
338961906817
339044729389
339290860429
339429074357
339443578427
339487082773
339572855207
339693895913
339711772523
339989600387
340357571153
340359735167
340583255497
340879842287
340931448443
341097506021
341201224961
341205769483
341397752057
341736781207
342358378423
342534703373
342580570967
342729306137
343055052247
343167457351
343183155241
343288965839
343352064281
343909026719
344030562467
344439516637
345635562607
345984123971
346087125883
346102464157
346265429017
346270616983
346500452383
346515447623
346555397861
346589985523
346775273269
346775526299
346778442007
346955916133
347028458131
348171483553
348234712759
348255212453
348362633869
348559713113
349241786239
349740613109
349784519863
349792128031
350637775561
350676148331
350713944709
350799789103
350845208921
350939685571
351435236993
351690124133
351984417401
352053174281
352091467919
352218057523
352416711781
352471280041
352622147599
352855997701
353703063013
353729041181
353875375661
354751521599
354873161023
354876410389
355053612623
355658177599
355730213147
355849619743
356172556847
356443765919
356873984099
357144783209
357520651307
358148911819
358166755481
358354150607
358540115537
358899194651
359106634279
359173941031
359536279873
359755209217
360281962717
360456903809
360871755031
361010462353
361984042969
362399035907
362512701899
362754296171
363318420701
363353533759
363451132091
363491187649
363923064893
364914378419
364932581257
364975923523
365097783469
365113506389
365455261007
365660358697
365995779949
366402928523
366524619107
366595018879
366964431667
367019215993
367168155931
367488167923
367510771361
367697522411
368409494851
368438877043
368590659851
368674169659
368791952939
368878133423
368984955203
369125750923
369151968313
369180972763
369785869909
370134612077
370161133379
370409660953
370446557347
370869228113
371392779929
371546841079
371550777079
371705558893
371706171293
372604870081
372688632067
372726872123
372733574417
372868411757
372989394781
373134764069
373223364301
374093749273
374107411243
374434064233
374495608873
375083784367
375175962911
375245210831
375316875623
376019040391
376630800989
376637449873
376871832851
376983264421
377010470021
377118911483
377921496587
377961199013
377972353373
378093476273
378140160103
378541870087
378563245603
378685959541
378708675083
378851895403
379029028331
379098945157
379110606799
379194796457
379473592907
379898255081
380447367983
381666282421
381804924773
382112128691
382359685423
382658601817
383115928661
383200288733
384378629917
384404338897
384785613677
384820633273
385085055737
386106124871
386260893211
386836122791
387025038451
387146226653
387479895367
387583003543
387683281829
388060710887
388065202697
388545104659
388560198067
388697285183
389487174253
389514046517
389655819823
389777437009
389829192859
389831567107
389847874631
390183002707
390535715341
390770059711
390787215673
391174522243
391468012241
391677131861
391749380041
391920022679
392795246471
393109159679
393153508529
393473014271
393790326913
394445225381
394627377611
394635915941
394671689809
394746206017
394766514269
394810980539
395000069221
395058495157
395274904139
395387913887
395657860427
396461287853
396743764301
397925918843
398542809143
398666900041
399327381667
399381389227
399452533969
399506685911
399637211843
399790957961
399905707687
399944080807
400036423667
400259568953
400748019527
401020971103
401111972141
401500756847
401883656233
402292504967
402319440427
402516632239
402557483971
402597175921
402752310743
402829103657
402912054997
403168419469
403318568021
403421265179
404504631143
404716363673
404822949689
404857818529
405060012569
405110674207
405165898717
405312716101
405718490371
406028724889
406408952743
406720530197
407592334949
407636898787
407964853409
407991918833
408076207667
408234618353
408376555217
408587137723
408928092737
409744897759
409843933573
409903126543
409916693467
410692645943
410857198663
410941012711
411115011451
411984444917
412305354707
412413400127
413064336709
413364923681
413688311117
413768747897
413996189791
414291638599
414579914569
414931083989
414934717817
415265737487
415375778047
415477880303
415595242229
415936153693
416244569693
416288316281
416728783693
416838118927
417075117647
417701979997
417976358113
418070566763
418264894771
418409989489
418666842329
418863033739
419109500389
419257336411
419278486243
419528592979
419887985261
420130475081
420927740839
420929654423
421430413099
421810547441
421824842599
421879944221
422520261827
422591383969
423278277419
423431921911
423536344493
423824328539
424019888549
424251235453
424266584233
424339017343
424472770459
424903124501
424989266743
425163136459
425588260379
425646057533
426117949603
426277861417
426818148853
427465802107
428127604981
428505865457
428637508133
428865800131
429260723137
429546897259
429691220171
429902158549
430410006473
430537552639
430926172889
431257019827
431398326857
431466577277
431498378873
431611342297
431635009837
432954629267
433001132611
433028708549
433682003047
433723621717
434391152383
434536105343
435047726887
435343029311
435487899493
435694763551
436640509271
437244127003
437412753913
437654352931
437719103807
438409214927
438451242959
438938032451
439120518043
439339530191
439610996527
440055076511
440170886723
440196460471
440515201277
440877843313
441073389781
441230170727
441515293393
442631514179
442890254507
443027352259
443168123677
443359889669
443460670699
443529968491
443779686617
444561709727
444698253809
444897893017
445114942033
445130381321
445772688847
445986385679
446143511581
446153287933
446207221841
446333564629
446536068443
446545213273
447016173671
447126578267
447617696321
447719784503
447826192283
448389978719
448522599319
448920915139
448936275257
448986908683
449380978601
450066935957
450359711983
451159257557
451983035209
452280562259
452778670459
453159935269
453310497743
453396197239
453440431783
453546718117
453698718883
453949531501
454037689499
455153520793
455380474501
455686897877
456179310221
456200642383
456310724213
456412253471
456573166897
456760800007
456808994779
456809290823
457662110231
457817000131
457892313661
457948419221
458091777359
458235447979
459116539697
459297794779
459337352137
459374757319
459570353171
459775371929
459923436541
459996291199
460035635281
460156068551
460657862053
461614319323
461688482911
462058333577
462169800901
462176769233
462350730131
462661712449
462683286907
462748066813
462793159639
463872749299
464015134199
464070463837
464404881991
464430617809
464760556387
464764933333
464966089001
465004508401
465147111551
465386371553
465727253539
465753101953
465885796169
466023813991
466182581387
466339849681
466492869083
466844248193
466879393339
468183151201
468678618841
468932095427
469140516973
469198424171
469354695809
469981777663
470229976289
470355054791
470377765607
471116409919
471290515511
471573944459
471978244979
472246610581
472343074769
472465914433
472837726927
473129648597
473693260787
473714920667
473863653161
475313252429
475418465803
475803556609
476269272569
476955596629
477401836487
477477495533
478084402889
478345360949
478959448379
479071164293
479331009331
479526246401
479604290783
479692982591
480609116131
480615379901
480891104003
480917737681
481691003071
482088389819
482140446587
482267369483
482602086871
482763715067
483291999301
483446298547
483473756039
483723412597
483725979281
483761292803
485141586271
485183739277
485368405343
485407053161
486093031147
486399189491
486553524773
487071046261
487913594809
488331900299
488459810207
488541703217
488598844039
488722209587
489400923971
490678075319
491003638513
491280429701
491364004841
491685731839
492011835397
492419538131
492491236871
492502095793
493296638141
493853430869
494095604071
494565654173
495363582799
495534500491
496171660807
496453253713
496528035473
497140602139
497268494287
497564788781
497810594719
497904734339
498226845373
498936811189
499244038837
499502985043
499512867751
499601343751
500298459119
500306318287
500307665447
500334804913
500833418863
501538811497
501588027877
502094796607
502182753797
502301856361
502327109213
502406622217
502415661833
502634061623
502882451503
503318257417
503804649113
503960483951
504059097947
504398389829
504908457037
505041636149
505360311121
505488280621
506158728401
506204256709
506601128597
507109108603
507666372419
508013577301
508274227177
508724811643
509286916133
512331454967
512645644421
514062551011
514123326709
514420323401
514615492813
514626572483
514710257437
514924772839
514959168131
516096046981
516686215867
516690483797
516835419239
517091616109
517505290763
517998371399
518041166329
518502302761
519577384913
519988937467
520516867859
520616690761
520668489359
520669418509
520759596457
521289846673
521678293699
521861313091
522249258701
522329167813
522344235019
523559525231
523933801003
525071486813
525161884789
526039622699
526179439589
526567125437
526666582619
528058736717
528472268603
528577975727
528605634191
529227619673
529304023117
529529834363
529805311793
530601407773
531171440461
531402646589
531648206413
531746924417
532369388087
532623441379
532681124329
533068401779
534177594289
534271767779
534485539591
534680435027
534840862177
534855498949
535776047491
536150472629
536273417833
537364568627
537573936959
537619416109
537623384567
537726384563
537875986001
538005287723
538462104613
538643632589
538648688477
538790723017
539025165311
539257666097
539333383943
540319120969
540453265049
540483670091
540520602241
540573455959
540768514423
540865440617
540956407963
541296548629
541385034571
541567799417
541757552827
542773520357
542970678541
543102123211
543493523917
543539240141
543579686641
543953298071
544046937281
544116809111
544142844437
544730528863
545392721347
545875818757
545891465453
545990164271
546604758163
546819568819
547379552131
547977639151
548241086941
548376641039
548580234463
548877964351
548889640753
548954607683
548992638091
549713064001
549880461601
549977175743
550535469353
550939165573
551104721789
551330546399
551566244767
551809870483
552227694211
552917992021
552925027159
553135586117
553250786663
553529995037
553671325717
553754885477
554280350881
554376273733
555348665731
556180413557
556216245029
556679860343
556918994041
557288082259
557975415169
558008369753
558460494509
558645573877
559017026153
560005372319
561260626891
561267380221
561662711681
561747805103
561762589163
561764843477
561884591677
562051058759
562266510887
562513861519
562751521909
562916516333
563607204089
563836495877
564059955791
564519716479
564733059769
564857118919
565262592607
565300095499
565432731953
565508346643
565555248299
566035622987
566289915559
567213181861
567326681861
567406845043
567686443057
567901238369
568424308139
568455949559
568502785511
568604111563
570720591341
571875757853
571994549807
572342919347
572820630143
572976777353
573356754199
573396293347
573559074709
574070126783
574360837811
574469590081
574945287227
575386621573
575485688419
575553790961
576050202257
576525595913
577115203957
577824196891
578254543747
578450539153
578465011867
578554092989
578648935247
579295735411
579938585201
580288656757
580353280679
580569088709
580646718727
581132179213
581303620283
581711168219
581866203967
582363069707
582384353909
582994457663
583042812461
583293320681
583510059959
583552643413
583631074709
583709490061
583833786101
584632860563
584806460741
585162277087
585640081007
585820306769
586162779289
586180233361
586273423157
586580000207
586692405443
586828991069
587055248489
587360523941
587503227947
588350102519
588505183667
589119530999
589539755621
589756347731
590352656183
591005914181
591191328401
591985581053
592383855061
592480841089
592995943717
593050013473
593507599723
593547931021
593593634987
593741107997
594031850647
594294092881
594425872853
594782751239
594950614339
595214532037
595241207423
595295021317
595855733413
595972405111
596003420417
596396688269
596678440927
596902097189
596982616999
597131324807
597220194479
597972612203
598766419837
598974420053
599411718749
600035073401
600116090897
600424936039
601360178833
602041939579
603006433847
604338687409
605065406719
605242041319
605250471313
605643548567
605737865963
606141169001
606257405003
606527867549
606643726879
606878082761
607027197157
607098444373
607178487821
607278472387
610003389497
610100009999
611062382197
611279553733
611945982437
612279982687
612706523333
613366613207
614034287329
615141078449
615525597131
616335581387
617187273589
617303795929
617815924013
617945204087
617977952533
618206610727
618945124873
619827889777
619982711213
620315299921
620541392941
620590347887
620757449387
621025109591
621198195221
621320818961
621437228953
622562484853
622789939309
623195234047
623435473411
623483392267
623658421543
624405231943
624471668647
625167485801
625451610547
625628402671
625712599201
626137659019
626198989873
626975959273
627226727833
627472990493
627506102767
627793218847
627971636261
628321382177
628472790437
628768764193
628853302177
629129277229
629481370807
629857492819
630416407811
630594392149
631060372517
631512245011
631692675121
632814110099
632968541539
633273880957
633996237887
634246987159
634614369911
634637315621
635100152101
635217139463
636804048011
636957355729
638048150147
638197846103
638824146011
639287161297
639465258779
639507178319
639959793773
640565895517
641252872537
641370978769
641717999567
641734478291
641948349247
642297235579
642971112731
643208057839
643365478739
643429759717
643657445869
644174111813
644194094837
644324054509
644362216123
644814544817
645099772549
645134939123
645471151439
645526170089
646065940979
646500141761
646591536463
646699593427
647254424567
647576254057
647603042323
648184476631
648186997613
648682471103
649115354299
649411277129
649836058031
650403701347
650428495103
650453738639
650630702791
650804445953
651184801349
652208416141
652247099921
652723472507
652747315243
652911144671
653125427567
653292196057
653295577691
653409950267
653502811783
653653865621
653853402179
654028910429
654221846959
654250696243
654404202119
654589487831
654610418591
654664297381
654831113273
655051458179
655465313933
656224077667
658361020231
658607378987
658608263483
658933986707
658943358347
659033108323
659143662857
659817827663
660388820081
660632463529
660840935039
661293761879
661360423057
661490927641
661644006851
661875312191
661976510353
662322181943
662357201543
662588097469
663122081597
663228069697
664013146021
664099633753
664144202633
664355586281
664564714973
664741861807
665138036711
666716253019
666782080721
666936879229
666987479057
667523040733
668128611977
668471262061
668761929593
669026908933
669205108399
669318735971
669631200547
669754359167
669824381573
669846314419
669872877749
671703230377
671889367157
672199852043
672247296937
672709194763
673499007737
673973740481
674795240597
674834481589
675800650489
676869266611
677295988877
677328109729
677491061699
677621951603
677760443597
678119333399
678195962779
678834013279
679052692039
680863695571
681216551969
681570141853
682124797201
683149222247
683412821261
683448104239
683585478343
683891626073
684847150907
685243757273
685808197967
685843776349
686232963527
686637012947
686794612507
687280983139
687364857299
687588782407
687877602911
688623419233
688645585049
688708951493
688809964067
689623633229
689991675143
690210452137
691234224953
692736942797
692968861999
693769297769
693889726031
694003188413
695640422957
695923287289
696040071781
698153355329
699741577933
700043337083
700052547983
701471132801
702196024889
702255953743
702286151641
702399571829
702516112163
703025202023
703581982777
703659733729
703715535937
703887575597
704280522377
704678692603
704759854453
705734276089
706655584937
707075275549
707252823659
708272513141
710341240487
710380670381
710464859021
710867386549
711835962317
712014608243
712256603699
712876205831
713345221469
715321226441
715392713429
715445679283
716315534257
716444031301
716509232893
716980332851
717155094137
717380649523
717702983293
717782962159
717934692287
718257281507
718282591489
718738616131
718980776347
719493335257
719958802751
720433915163
720448702009
721112015579
721563563561
721590573799
721625083409
721664003059
722035519459
722038282379
723494413903
723598781249
723664248007
723895878191
724173523831
724241100761
724308580367
724310130773
724692955079
724816062577
725114040709
725422895507
725562243377
725600190449
725665658299
725705131741
725839098541
726396170873
726439130371
727103390549
727848386131
728090976563
729023587247
729535805711
729850578221
729940680517
730182495353
730527881263
730915763107
731337665573
731511421169
731702677141
731922762317
732652585109
732697489163
732770366557
733229351809
733366031393
733803376457
734121754481
734233523867
734291636623
734845857001
734932423163
735092188549
735947165963
736271463793
736437661997
736737787927
737200351541
738082662277
738389030549
738828757399
739396888621
739406580641
739470579583
739562182129
739829085733
739937236697
741213903641
741513925157
742048358483
742057244083
742064106401
742195477717
742700924243
743097855343
743879402621
743973907163
744085258211
744543881987
746096209277
746709038149
746711669813
746966240089
747395789579
747514601851
747557656199
747744438377
748469053901
749145427687
749859446459
751485817399
751601553301
753304020473
753311168053
754118945407
754538157599
754801233287
755291390473
755307010307
756843860761
756963895349
757216602491
757917551519
758914924013
759137928427
759830618707
759935350721
760018370357
760305319283
760816039453
760897415933
761930531189
762110349719
762886319639
762893742643
763654764349
763860313633
763882275733
764916560833
766445063479
766548002293
767448317683
768147967831
769094765191
769363951009
770052049211
770950536919
771824909221
772196437847
772535671931
772664173387
773032327703
774258294311
775176772421
775474914443
775496367857
776259668137
776306430673
776327865011
776491678481
776605729639
776887517947
778120443143
778428650011
778875103547
778896770371
779919586429
780197014283
781643160481
781955077229
782155647473
782873237359
782935197613
783418999219
783874145443
784117368731
784854372563
785072909407
785082086221
785316839759
785843340151
786268742579
786474353557
786805914967
786833959531
786844379081
787516130911
787646807293
787949428237
788756382749
788789905327
789205826243
790302709307
790411135133
790792711411
792637033843
793055885309
793396889489
793410337327
793870249703
794258085151
794453460859
794782455853
795283463651
795710127679
795764235689
796433066279
796530006007
797043642883
797108309563
799030707407
799184449097
799290753593
799681358989
799796842511
801599037179
801900654623
802502026709
802578862741
803060110631
803348629243
803377631933
803498905567
803951638121
804024557873
804629837117
805193393507
806261833709
806814451691
806933481721
807055538053
807894234611
807966349643
808191198301
808541850511
808689381739
808959839119
808982253857
809281918747
810694759139
811578948877
811673817161
812033577233
812037993517
812793676363
813270737557
813800086997
813836385353
813992976593
814235865517
814336251173
815837272891
816903061283
817265345593
817601745377
817903756529
818621886163
818812383373
818982616091
820048151077
820168690799
820344757633
820428860737
821565743707
821732755957
822537037607
822970486493
825015258289
825791621411
825878922397
825980315423
826078109767
826103757929
826285908653
826569579799
827189441681
827273122783
829266974117
829297237037
829303492211
830245296113
831173998253
831360333653
832038093209
832291532867
832470316213
832891556377
833807235179
834178895519
834600396943
834630237521
834764371927
834915133309
835158661879
835436404093
835925061779
836717569339
836896638377
840986280389
841210265513
841570121069
842404143041
842456838169
842687673913
842895629419
843604283609
843850820023
844368059669
844818486311
846308973449
846464162347
846875165429
846882754457
847110443689
847352659919
847387446611
849154436567
849452458559
849480882043
849641030911
850133955191
850604279557
851288423477
852729468761
854131983239
854149472677
855599911291
855686774773
856275780103
856521613393
856793361539
856966735259
861059141203
862453098643
862865945353
863040751913
864324132907
864409253293
864636362189
865057599353
865403646157
865807633577
866188577669
866342313541
866558727019
866816029019
867552757957
868239749263
868345849783
869592364217
870195526157
870735745471
871218140701
871377759377
872824529569
873592652183
873812234231
874372934999
874489625297
874863871177
875099376757
875159623159
875267349893
876883213523
877352508293
877409782793
878318296481
879058609519
879377395697
879560970023
879613099789
879678500783
880206941197
880534467019
880997949971
881450245729
881780366177
881854279003
882069750833
882338037829
882958183693
883994450561
884134613437
884765969309
885152732647
887091117337
887670700493
887864673329
887868785677
888457419163
888897910301
891018335303
891044162521
891075490001
892097347417
892265192323
892865441249
893764154131
894947523187
895023341081
895481400173
896335839563
896591856427
896781239839
896986886069
897035555249
898405497287
898829744779
899050755341
900272160553
900396569011
900651034939
900669444047
901211132893
901866247589
902117993731
902270532313
906191168033
906583336187
907643097329
907806467261
910064375203
912404719921
912956916713
913237873649
914384603003
914397043127
914924270537
914953902749
915626637421
916022822537
916873502621
917271780547
917777495291
919368822973
919813478483
920123098963
921843927091
922230583609
923407082879
924906818917
925118277581
926206492931
926223370559
927298880611
929810777299
930799939991
932308677077
934236795133
934337433437
934441870469
935106768373
935889333989
936449709721
936572949419
936681211561
937064805049
939049582153
939837580819
940169755949
945151762427
945947992117
947133034063
947377269899
948049215121
948980527259
949357192151
949449002771
950334075137
950667218519
951560758229
951861866723
951895222129
952903478251
953235964159
953726639791
953857246831
954357749089
955102907081
956186159069
956748969887
957407199557
957676342213
957773415779
958348403039
959279133541
960281385473
960644289809
961035966433
962264660729
962652831779
963031688291
963855520781
964152897089
964497147689
965086880957
965608924673
967204770031
968829545443
970308969979
970321996643
970708190843
970761868189
971970343681
972602950003
973555790059
973810530127
974436575947
974475542063
975314773859
975384863507
975515652281
976375815013
976436349167
976518077173
977603351059
979375696157
979804112801
981589733629
981978737161
982317140639
982445543137
982772462233
983550476267
984203033137
984830027969
985209192043
986271975133
987901654093
987974709413
988226177483
988456107173
988583969917
988690878379
988712031971
988785963103
990920578289
991192105003
991235901449
991284463409
991716447889
993582245867
993888133163
994362358697
994776838513
994943576983
995056276087
996851618237
997128876973
999762033253
1001002384141
1001237721811
1001366218291
1001517815869
1002197016767
1003645236721
1004470129639
1004541478301
1005160741489
1006583733107
1006700244227
1006867642009
1007275239629
1007756750641
1008003198149
1008119814103
1008853061497
1009069394147
1010371581421
1010425879783
1010880067889
1011169066003
1011979132517
1013538458599
1013789812391
1014274248179
1017884579773
1019239988747
1019430750097
1019687352797
1020148064209
1020163841387
1021505889809
1021881406243
1022252595887
1022692007089
1024764058841
1025000516857
1026394035493
1027440939641
1029055255663
1030544714791
1030650825289
1030797654539
1031715421031
1032895367209
1034700250673
1035985967953
1036181256589
1038899050187
1041132412373
1044557512619
1044858890393
1044950498831
1045157310437
1045432289479
1045699139741
1046147057693
1047317530811
1047523739261
1050356888011
1051738045769
1053700310783
1054327677913
1054395107179
1055403586891
1055496278251
1055585949349
1055849350609
1056705833399
1056767949931
1057227512347
1059714279319
1060158899491
1060457862427
1062139875983
1062786935069
1064783565473
1065298449499
1065413952991
1069952387131
1070083021697
1070324373739
1070643466037
1071843018419
1073401407751
1075184004121
1076118911159
1076173860143
1076464427893
1076932978969
1077051344647
1079049822077
1079280386581
1079434165973
1079871696403
1079877181387
1079932184197
1080591573401
1080776096623
1081820593361
1083269787443
1083615193559
1084645872911
1085623918549
1085756280283
1087586734999
1088059821773
1088521048133
1090161045011
1090368574177
1091755962221
1092439358957
1095531770447
1096554445247
1096865574551
1096974523369
1098975708967
1100302829299
1102152918913
1103942706863
1104733295623
1105716133649
1107823089199
1108094892797
1108751686831
1109468587501
1109738906509
1109755594517
1110386317841
1111611225821
1111939535929
1112129303419
1112682116087
1114312819241
1114408450633
1115128063781
1115169147199
1115332557407
1115747509627
1116493655503
1116842738663
1117061875247
1118485891793
1118533132009
1118574670309
1119296503051
1121025552883
1122520849031
1122571048667
1123098750353
1125561122473
1125683719939
1125860445679
1126520841539
1126709005351
1129389522421
1130977710913
1131323290589
1131571370231
1133007086753
1133797164817
1134948253193
1135572417019
1135749819881
1137194469163
1137627305051
1138355942551
1139772588947
1140317318431
1140844879243
1143102034799
1143612369223
1143952803937
1144863251929
1145056446689
1146383488517
1146606163657
1147040356069
1147379220191
1148073063509
1148703500713
1149636359633
1149986352821
1150353319337
1150378704613
1150725616171
1153255041007
1154020025293
1154458311299
1157141577173
1159365149419
1160118589369
1160171122403
1160530013527
1162375056277
1164268479287
1164582686093
1165157297209
1165405537633
1165781673437
1166430108773
1168361397551
1170643530437
1172980444861
1174848774731
1174852041823
1175827361629
1177853406221
1179723573101
1179898786039
1180290828683
1181307513647
1181340125111
1183165400503
1183843339493
1184065399009
1184666452247
1185053015387
1185548927323
1186208696279
1187790369509
1188206967641
1188639261203
1188659725853
1189688264719
1189836210767
1190503146271
1190830833397
1192075570333
1192287890317
1193951955797
1196593048487
1196682442183
1196694143269
1197975439289
1198111219007
1199902869437
1199949742489
1199973901783
1201710298739
1202252638529
1202777173937
1204537215533
1204653983609
1208021811727
1208974590347
1210835856961
1212252974351
1213280468903
1214028105943
1214362219199
1214897217661
1215781089031
1216068266759
1216571543063
1216972893421
1218212989199
1218272647393
1219340968723
1219633244449
1220278345883
1223749508039
1226022052481
1227613129667
1228098215257
1228727916613
1231145933453
1234210056557
1235625090781
1235827728097
1236207342943
1237232903779
1239203621261
1239458902613
1240705598239
1243073410853
1243635263357
1244756039089
1245063956783
1248316554337
1248962674139
1250458961867
1251027514819
1251054457141
1251420963473
1252778224129
1253731834283
1255228928123
1255673031359
1257019906399
1257244946119
1257867458053
1259083522811
1259707772207
1264434461029
1264647891581
1264843166599
1265970190157
1267688928017
1268089168013
1268900714383
1272322472053
1273467350447
1274991989911
1278840979681
1279888390259
1280233650653
1281074443549
1284461149331
1285416623357
1285899516623
1287141921581
1289653177723
1289691592331
1291140675199
1292689593233
1293618034213
1296274790467
1298224203403
1300238302721
1300528601033
1301503164617
1302207906673
1302645710623
1304847444841
1308427018447
1308733052681
1313491930759
1316361807337
1316502043553
1319070961193
1320170751479
1322724253621
1325081055839
1327541472913
1328846987233
1329041972437
1332275181383
1332873798793
1332886154653
1332897060119
1333099701503
1336203650569
1336754670029
1337249399333
1337396955833
1338188210501
1338571029743
1338990552047
1340044418107
1340935021507
1341929819431
1345023408823
1347539014697
1347861787333
1350253192501
1356407055329
1359353022991
1359569971679
1360916121199
1363741373051
1364375532281
1365706469261
1366166132273
1368204037493
1369420276379
1375227702227
1376007192239
1377813141443
1378826771383
1379400433891
1380258846191
1382576524079
1382713645903
1383357290983
1384411540957
1384798877729
1388861527601
1395083151193
1399562203729
1400731547291
1400892760909
1402991447863
1403056979719
1406044890629
1406192824111
1406819666947
1406944564547
1408424463029
1412876466173
1416462910217
1417807892869
1418361677351
1418957617487
1424284503211
1435932404869
1437734700877
1439046696677
1440106036037
1443897435691
1445335745897
1448216475943
1450602624979
1451837797373
1458876861107
1459696367257
1461286726859
1462996309063
1464203226119
1466242354679
1466715554609
1469279958269
1473845272507
1475027583593
1480528435387
1484306290561
1484516012701
1488456161021
1488610359667
1491564638521
1491636046577
1494707575789
1494868806127
1496329960207
1499827770601
1499839625671
1500525761677
1501932394631
1507247928269
1509830125577
1516282619737
1526295594367
1528649009557
1541238217223
1548067983281
1556442020383
1563492874859
1565401592723
1573986422573
1587584257529
1588401026717
1601644138219
1607742406799
1615356630529
1623882051203
1633846505261
1636799894857
1642610611711
1660316434613
1669667307019
