1618
1883
9179
39859
65015
72194
72453
73403
79517
96413
101319
109749
119127
144641
196813
197333
212137
215041
228971
232529
240649
254203
265063
297949
410047
417757
434537
458851
485173
491671
513151
568847
570883
571033
601571
687991
701537
741539
745819
805513
812069
824101
875873
884419
951737
979943
987341
999767
1021981
1029071
1048417
1057139
1071649
1099561
1122661
1160171
1194653
1226879
1246691
1257923
1265707
1301327
1394447
1396921
1402913
1432157
1441597
1462583
1547669
1560319
1674611
1731661
1753259
1756247
1766329
1780697
1808531
1809043
1825091
1840271
1896733
1914881
1987553
2070077
2071547
2112797
2134189
2142853
2278193
2278447
2290667
2329477
2340683
2460613
2526311
2532217
2553841
2558867
2598461
2635649
2682749
2685637
2837603
2838469
2922379
2969957
2985839
3013763
3051949
3072241
3181547
3256447
3316249
3333623
3421337
3497383
3524639
3529579
3567017
3649937
3709241
3737849
3773069
3785533
3812821
3889363
3936773
4019671
4086869
4095347
4096181
4114423
4122787
4130057
4151509
4207979
4265411
4361869
4377617
4508033
4516451
4530269
4548031
4633711
4635557
4723681
4761929
4825531
4917427
4974737
5057807
5093969
5157707
5184119
5258009
5313557
5451967
5472749
5528987
5682241
5685509
5692579
5716531
5744969
5766751
5779783
5871847
5921569
5953391
6068759
6075917
6171311
6216901
6224741
6360229
6385019
6400649
6607897
6612059
6669227
6689477
6825941
6885773
6932111
6937031
6964439
6966143
6987961
7058869
7063643
7123111
7142911
7234343
7339009
7597243
7629049
7668841
7718497
7787387
7817339
7822487
7882157
7897801
7918747
8003221
8020619
8027447
8088517
8146561
8159387
8170867
8214347
8297827
8301539
8342419
8357299
8359711
8416883
8550701
8630627
8753543
8808911
8832829
8892713
8959199
8983589
9003287
9006917
9044809
9074171
9097843
9183901
9227567
9245207
9368431
9446959
9455287
9789827
9970321
10083127
10152983
10187347
10201357
10274557
10287437
10301407
10344413
10358827
10382747
10399747
10611581
10651441
10661411
10761389
10787899
10859227
11155987
11178221
11374043
11381729
11417171
11461393
11488681
11631901
11805691
11850743
11876743
11894123
11992261
12017729
12086743
12173401
12214393
12390941
12404503
12529381
12582421
12643679
12686497
12690397
12820931
12916643
13080167
13111559
13208161
13220939
13229599
13371091
13424483
13471541
13514647
13581233
13590319
13649501
13723211
13977137
13988057
14148271
14277751
14384113
14456257
14481587
14717851
14865013
14876341
14894401
15042107
15127033
15227809
15272479
15377177
15409687
15487057
15639061
15695833
15708409
15724561
15871397
16075651
16106669
16250959
16297273
16378793
16464167
16547263
16570271
16632157
16662817
16702981
16726049
16751507
16815433
17169227
17288963
17350589
17353319
17371061
17485159
17537341
17647489
17671127
17799211
17869759
18271111
18333853
18585383
18692939
18708037
18758093
18810059
18887507
19018357
19044439
19064051
19077173
19135939
19249897
19272989
19287049
19369729
19379641
19452331
19484393
19500781
19515019
19607927
19700573
19954859
19972517
19994063
20085379
20173961
20257453
20337017
20379823
20412803
20480153
20498677
20687531
20699611
20717881
20808371
20825719
20859101
20861471
20918873
21062597
21078697
21134471
21224507
21416221
21421871
21444209
21494323
21790997
21848713
21963629
21979613
22166857
22183157
22284047
22344449
22347349
22471829
22483217
22553117
22651571
22743631
22814021
22913659
23052479
23131039
23148929
23247083
23267581
23320729
23347301
23380817
23382137
23438323
23452873
23469601
23654899
23790499
23816057
23861503
23937253
23977781
24071353
24099253
24203479
24206197
24322583
24556583
24579697
24588701
24821519
24971159
24980677
25134749
25218337
25219853
25276709
25298563
25425443
25446803
25689071
25690579
25782689
25815557
25823129
25981259
25987981
25997483
25998047
26003597
26056697
26146117
26148511
26164927
26255683
26334761
26362507
26604091
26683187
26698207
26713399
26725199
26776397
26849077
26903287
26939609
26949677
26966507
27102967
27139691
27172657
27193949
27241957
27257177
27371551
27529757
27564451
27569021
27587701
27648653
27650251
27689159
27734437
27837851
27852259
27859561
27890033
27905561
27965989
27968407
28080529
28091377
28141271
28152149
28235041
28271603
28459693
28494373
28593823
28692809
28791703
28946923
29034037
29156917
29166859
29198899
29230847
29298859
29752949
29806453
29813167
29835191
29848811
29888101
29909557
29983091
30056857
30123487
30179033
30222433
30228691
30324919
30465311
30468073
30582131
30644197
30675023
30688727
30701731
30829459
30922219
30931057
30950371
30996403
31129331
31151711
31265891
31460327
31490051
31564573
31637279
31687771
31700269
31736207
31844833
31906481
31930771
31989931
32015713
32066833
32081783
32125321
32254021
32271179
32475907
32476753
32505331
32623993
32981237
32991971
33021787
33265019
33285893
33326651
33398567
33466687
33477187
33549389
33660929
33872287
34606157
34779523
35012921
35077033
35084503
35318599
35324171
35325221
35434813
35436659
35488309
35554517
35715019
35810603
35950961
35979193
36068017
36268439
36300839
36477061
36685589
36749437
36889043
37010639
37290313
37534993
37837069
37968589
38207311
38218163
38390567
38479967
38626519
38686031
38797747
38804237
38881541
38960837
39018041
39118043
39125741
39166307
39279629
39378061
39434273
39488903
39506683
39715751
39861917
39896911
39988163
40066979
40442599
40499369
40563533
40588321
40626601
40709117
40743757
40838209
40847461
40866671
41005907
41195299
41197019
41375249
41465791
41549591
41555537
41560979
41610991
41787313
42138619
42195817
42291323
42526721
42671983
42835651
42841879
42942499
43018163
43030321
43267447
43330171
43411493
43631131
43655071
43717493
43726351
43760071
43815571
43932193
44141453
44494487
44522381
44711861
45049561
45065767
45090191
45226721
45400601
45509159
45686149
45700553
45932473
46002007
46069753
46130257
46374043
46557437
46606139
46648039
46744147
46767689
46841569
46854967
47102879
47112383
47179039
47199539
47321987
47325457
47461529
47755219
47770403
47912119
47998373
48174547
48279299
48480661
48504787
48533279
48555733
48556397
48677549
48869123
49051861
49097467
49158251
49197301
49254241
49255523
49374121
49497211
49535009
49688417
49801441
50023199
50222257
50340673
50379019
50493029
50509787
50520557
50540207
50638207
50643427
50773249
51115919
51160979
51453229
51552283
51680177
51695473
51892259
51963971
52011221
52024079
52371601
52410661
52424621
52802879
52823747
52826113
52994891
53075963
53119879
53121989
53182939
53266471
53453611
53568451
53760559
53807899
53928449
54112313
54260989
54275887
54532759
54828317
55037573
55183903
55230089
55230919
55247719
55255957
55414523
55421669
55595849
55662499
55703909
55744313
55871611
56086003
56106773
56120059
56157713
56245331
56296577
56362601
56363591
56406733
56653691
56724131
56729711
56785997
56840347
57012127
57135359
57215219
57429641
57522853
57564869
57780397
57872587
57876293
57957703
58039997
58184171
58234103
58329613
58375717
58547407
58552489
59008669
59120923
59221051
59228929
59243773
59321753
59470003
59683901
59706401
59765221
60020683
60199171
60209711
60374999
60378463
60391417
60568163
60787913
60813461
60862369
60877123
61117643
61117711
61161847
61300091
61381277
61449833
61555267
61574171
61647461
61793483
61986653
62090467
62153381
62288227
62375749
62397677
62405699
62546191
62550791
62565101
62741027
62760371
62866019
62942461
63117871
63251891
63260053
63270001
63503351
63568523
63805873
63824729
63993541
64170629
64246529
64267891
64277701
64279013
64281433
64376453
64471549
64505827
64676413
64797199
64930477
64968401
64992481
65016421
65048939
65071297
65286203
65325899
65701151
65710387
65723269
65841311
66030959
66067333
66200473
66392371
66429733
66477647
66478133
66572039
66631973
66657671
66678463
66704587
66706333
66734561
66787661
66990073
66991811
67037317
67223743
67240699
67251661
67298663
67307353
67315943
67364321
67432373
67463969
67491451
67493303
67744673
67785593
67800673
67974047
68215523
68254019
68254993
68271271
68331349
68472577
68516771
68625241
69014107
69066131
69413639
69443251
69670751
69732347
70058159
70204039
70306879
70346063
70362977
70508699
70919411
71016857
71044657
71081303
71134397
71364901
71456887
71509687
71517883
71527097
71528857
71684513
71699029
72111581
72121051
72136193
72140921
72165091
72277631
72391247
72428501
72882973
72947179
72956269
73325723
73485239
73600249
73624087
73626491
73630969
73708043
74038969
74126839
74139251
74365043
74424863
74641289
74660389
75010217
75068033
75276127
75439619
75785561
75788437
75966851
76080167
76186399
76189307
76284349
76418561
76435559
76683151
76715501
76736537
76821067
77346671
77636761
77680091
77900107
77945009
78351583
78748699
78866407
79003999
79019117
79029191
79063093
79155541
79399429
79441031
79640401
79717717
79956677
80226073
80393311
80491729
80522111
80569729
80847961
80901853
81115709
81160591
81391993
81544717
81691979
81710509
82063547
82155551
82274369
82370683
82439549
82561357
82690073
82773127
82843273
83079173
83152297
83274343
83996999
84207509
84295103
84325187
84568441
84575941
84810001
84869417
84874277
84891341
85164073
85271533
85366679
85404871
85717153
85788473
86057087
86276471
86363839
86469913
86730521
86869093
87198421
87321989
87719419
87872431
87923369
87941957
88045637
88140313
88382299
88508767
88610629
89050433
89165513
89182631
89342317
89400041
89529589
89780741
90078103
90226181
90322651
90348701
90482309
90621841
90802289
90912893
90977347
91216039
91312583
91495871
91621289
91696063
91879477
91915387
91967609
91968563
92094383
92373109
92561897
92576161
92999233
93061879
93245011
93286757
93777941
93867173
93905873
94063283
94127401
94390847
94588937
94653661
94683077
94694813
94960673
95045981
95138497
95195707
95221157
95292727
95370623
95538071
95550121
95592713
95986469
96126227
96184567
96243767
96382609
96413113
96496577
96593467
96596519
96668387
96735629
96885169
96956053
96997777
97370503
97478813
97701389
97735951
97997947
98032717
98059537
98072803
98235283
98411221
98432263
98834399
99055907
99152147
99540737
99748109
99817661
99927977
99980411
100285949
100326179
100462871
100678801
100697479
100711991
100760167
101025919
101094277
101195221
101207003
101241857
101379731
101613503
101639563
101682611
101698691
101813251
102097091
102547631
102584653
102775291
103106473
103147259
103225931
103236979
103288901
103319143
103622413
103808773
103996201
104344231
104523467
104673193
104761387
104848001
104978411
105028493
105068399
105467041
105473833
105506231
105857153
105974137
106112749
106431043
106485011
106583129
106643881
107014829
107053699
107075053
107333689
107453201
107477659
107618743
107797639
107868323
107938823
108152323
108236789
108290551
108351049
108506807
108538711
108711833
108738989
108875549
108986791
108994601
109005647
109011641
109120337
109223627
109403419
109411283
109411591
109420391
109427443
109507891
109560887
109609223
109622633
109677431
109768621
109904503
110181691
110217509
110389553
110400649
110478239
110618953
110648177
110681383
111197297
111346033
111361993
111388187
111487297
111667597
111711113
111808757
111908201
112037099
112194647
112263887
112917887
112918609
113267263
113271287
113358823
113442319
113544269
113694547
113861147
114037559
114054119
114073249
114168259
114242351
114586949
114588241
114633131
114680053
115066247
115521773
115743389
115845607
115967927
116089529
116097547
116184349
116239117
116347163
116422301
116499947
116551601
116697871
116734999
116770193
116984863
117015991
117080009
117366323
117388613
117637259
117639029
117807869
117930311
118475911
118477547
118644257
118652453
118823311
119031791
119429203
119596039
120075983
120276503
120506767
120517763
120589747
120645517
120985429
121044983
121275373
121465699
121532197
121652639
121781083
121828873
121832153
121985483
122096971
122169329
122603183
122672161
122699909
122836841
123145991
123173731
123233027
123250139
123359057
123386183
123660659
123679159
123937249
124128029
124177147
124357187
124505191
124683607
125037217
125270381
125506187
125960501
126018443
126161443
126182699
126468721
126644341
126653143
127346717
127372603
127438741
127601633
127960601
128329261
128446231
128566913
128584409
128595479
128605727
128703077
128795257
129044869
129254971
129454841
129592937
129787907
129905287
130080397
130267847
130502551
130643819
130765177
130824907
130840427
130913179
131007169
131066323
131091041
131129267
131207927
131299873
131768911
131800841
132500089
132578569
132601169
132613189
132952607
133108483
133219799
133414459
133787519
134147437
134366429
134382641
134385733
134591797
134835059
135160643
135379879
135468161
135666187
135775931
135798211
135978547
136253459
136324693
136679359
136751801
136761733
136766521
136812097
137037161
137107153
137234639
137439347
137918369
137969113
137998433
137999611
138159031
138419243
138520483
138804811
138991637
139017049
139050869
139153603
139433179
140093353
140171627
140244857
140251439
140327651
140374537
140463493
140991547
141175043
141175841
141185633
141226289
141337159
141518239
141945959
142416007
142782019
143011007
143294849
143343997
143683973
143795243
143915687
143976733
144303839
144560177
144646477
144895169
144967477
145101367
145124711
145266917
145476937
145499267
145550677
145701047
145920451
145982609
146202211
146461591
146797213
146886557
146926187
147494563
147553663
147681383
147686359
147758113
147761113
147900479
148243103
148899391
149265143
149880557
150310507
150327167
150523433
150606733
150917863
150923347
151066969
151128431
151131907
151202411
151276729
151673033
151904969
151919281
152220427
152275819
152316743
152897729
153009943
153226039
153345109
153500059
153646793
153877433
154075513
154082659
154154813
154181933
154254829
154267199
154377383
154596499
154865107
154906729
155212943
155271371
155460593
155497339
155535811
155649887
155765761
155779339
156116803
156533057
156550913
156672121
156717287
157008563
157197517
157779269
158005789
158045113
158389159
158427931
158435551
158973527
159213049
159356261
159397081
159461843
159483391
159591647
159898693
160163797
160279997
160514461
160638263
160645921
160792943
161017921
161144807
161189753
161245933
161321323
161643631
161713543
162021991
162417173
162568583
162599609
162655529
162751873
162756721
163063129
163124837
163350877
163699463
163990457
164080031
164090777
164119541
164389151
164474969
164864377
164955647
165115147
165224723
165444337
165857771
165971237
166004567
166081661
166500827
166560827
166731667
166983581
167072341
167110079
167210717
167274587
167784359
167960129
168011923
168102281
168152879
168187609
168223247
168491371
168745931
169060013
169196999
169251811
169310749
169365437
169671871
169892089
170005403
170107829
170199167
170537461
170611223
170697157
170853217
171148631
171284669
171342113
171357799
171537881
171602071
171848881
171938971
173112607
173138899
173512463
173750699
173888543
173904881
174234481
174425093
174433901
174711217
174740491
174867109
174900881
174959599
175130341
175610431
175630261
176129729
176611817
177240523
177453469
177487393
177587647
177606239
177841031
177961873
178037359
178121011
178151933
178187941
178195769
178449133
178671209
178999189
179167501
179810093
179957009
180015067
180097381
180250373
180458921
180482377
180529187
180560357
180701401
180763381
181117259
181485839
181494851
181857353
182048617
182189477
182326231
182356081
182458657
183016481
183601969
183789191
183833599
183878111
183902827
183946283
184010053
184109509
184203493
184243531
184449271
184704763
184965433
185083621
185191807
185280619
185394217
185558629
185642399
185848307
185934739
186064961
186231251
186232237
186370573
186785419
186908861
187110397
187324559
187832077
187973021
188039471
188428619
188589749
188896067
189114439
189214213
189245029
189312271
189360529
189399269
189508621
189659651
189677749
189727061
189804463
189875519
190209221
190315709
190596407
190649617
190659727
190691203
190864691
191085803
191422841
191810441
191892307
191927023
192136559
192315589
192749741
192920921
193377313
193782887
193898851
194487299
194822863
194912309
195083267
195384727
195676577
195790213
195868243
195984713
195990191
196289809
196350179
196461443
197075269
197312657
197446771
197887367
197894033
197909353
197941199
198010349
198047683
198174241
198659143
198664663
198709171
199025059
199114021
199181861
199268603
199707799
199967423
200045731
200127023
200509889
200594873
201317219
201434537
201460163
201828619
202116107
202291673
202411483
202501043
202738993
203115487
203323963
203375833
203405303
203504657
203749771
203832163
204082301
204087853
204272279
204297491
204383189
204532429
204819007
204842467
204946969
205024319
205124069
205196039
205211143
205503211
205831267
206180929
206207207
206346433
206366123
206678939
206760361
206892997
207111007
207203833
207244967
207377899
207403387
207612593
207658219
207983459
208179809
208219997
208575943
208611229
208643723
209224229
209611187
210097933
210125683
210220133
210274469
210462199
210801281
210854089
211053631
211185049
211188557
211272973
211381633
211501153
212017009
212066219
212326123
212352473
212556203
213245287
213588211
213779021
213844187
214170049
214396111
214610917
214778063
215329483
215483837
215594263
215687113
215890009
215971831
216045857
216367981
216407381
216415513
216473753
216560041
216566029
216623717
216857131
216913537
216943591
217115281
217414961
217421173
217571573
217827101
218084357
218210737
218262727
218274247
218302649
218442643
218630227
218796173
219627773
219735673
219789299
219828463
219915061
220137017
220246409
220314739
220407197
220482607
220968409
221124041
221415217
221478139
221539849
221903639
221933753
222128509
222560323
222806453
223008743
223238677
223330043
223379119
223454663
223878313
223992563
224427053
224649889
224695937
225046597
225287669
225517333
225934433
226021183
226373237
226538857
226908709
227320259
227707421
227964403
228036241
228171571
228986959
228999629
229249639
230599091
230703911
230813137
231036427
231180409
231844243
231913169
232153897
232270187
232520929
232606537
232787963
233017699
233023009
233481881
233872753
235039249
235231961
235236889
235481887
235559567
235676629
235746209
235772731
235839899
235910863
236138701
236180177
236277737
236291017
236663599
236874383
237075173
237199441
237662693
237757193
237904781
238044923
238233497
238347113
238544671
238582313
239053429
239100859
239179487
239415229
239680703
239767841
239950313
240005639
240121283
240122963
240207683
240492841
240585161
240654709
240815249
240897841
240951827
241047269
241567231
241700009
242360273
242475601
242669321
242689357
242953253
243289177
243462361
244154957
244246447
244300079
244404851
244505147
244645019
244795609
244820351
244837259
244873829
244978271
246025891
246172477
246212927
246287441
246859891
246967033
247100207
247109017
247208341
247523131
247576867
247703083
248227099
248245549
248795399
248957017
249188861
249448481
249573551
249608951
250318469
250786853
250847083
250955291
251257949
251320799
251352707
251387083
251675353
252239599
252380683
252762737
252805801
252828727
253124513
253306483
253491067
254087567
254433031
254838271
255030857
255223369
255344399
255464647
255484459
255605809
255806233
256160057
256389433
256884191
256903223
257441843
257572571
257700221
257843329
258068033
258383039
259058057
259267033
259657817
259673669
259770443
259905157
260501089
260508881
260683663
261448339
261732421
262043371
262290811
262372259
262637911
262962019
264299039
264367927
264866431
264868141
264918457
265414381
265482103
265506421
265623689
266023441
266371669
266534689
266660617
266964791
267317951
267572113
267587149
267615319
267629809
267724943
267789113
267849817
268654537
268678549
268765177
268786051
268829513
268988281
269007703
269358263
269403889
269476121
269485247
269651891
269691869
270758311
270760999
270897581
270939497
271433941
271589939
271756363
271822679
271862233
271891267
272027633
272098649
272376683
272465519
272491631
272958029
273048757
273166501
273454421
273886021
274011587
274317569
274373741
274432199
274665949
274841243
274847827
274888469
274999693
275213909
275451413
275487293
275487847
275772377
275800531
275878219
275947433
276427841
276600143
276734141
276793733
276962857
277168093
277224517
277373699
277495721
277499987
277600901
277649969
277946129
278092357
278108011
278763299
279075409
279785879
280359379
280767947
280829251
281097829
281130823
281291837
281707367
281762183
282036199
282171137
282182513
282245143
282352703
282406417
282435337
282501881
282577117
282706331
282745721
282823003
282876203
283026197
283194937
283464833
283581877
283699291
284142653
284605267
284638859
284779667
285207401
285411157
285804439
285825299
285997949
286008259
286338181
286444187
286469119
286555691
286865849
286878437
287014993
287027641
287088311
287430601
287501107
287710201
288207419
288240031
288491569
288751129
289239779
289810627
289987091
290229353
290323721
290671109
291182131
291610817
291846263
291862447
292225211
292432403
293154637
293532541
293556169
294083203
294127819
294391829
294456497
294470353
294552263
294809261
295146701
295207433
295352009
296272477
296427119
297085969
297168199
297447193
297477031
297554897
298494827
298718423
298727021
298751813
299803331
299996779
300027677
300263221
300286309
300379133
300487469
300516649
300540787
301151657
301205969
301431659
301497199
301630759
301935313
302362981
302616749
302931479
303345853
303422759
303660677
303867997
304266401
304312513
304924891
305697461
305895283
305947009
306646099
307264109
307462891
307724927
307813579
308579827
308607881
308678341
308802917
308906029
309080857
309124241
309266929
309741559
309762077
309867931
309914303
310134989
310570919
310776533
310851917
310852879
311028721
311515889
311595059
312057301
312138553
312823601
312983459
313013983
313015309
313105469
313287397
313665811
314333659
314388397
314579107
314583671
314739517
315042071
315124673
315187421
315492371
315529667
315548011
316131083
316334189
316592561
317939353
317967857
318100589
318378589
318985033
319206047
320369747
320528753
320751857
320956357
321346667
321419899
322169291
322802437
322943801
323115901
323300567
323594897
324441409
324510463
324568901
324847739
325074053
325376803
325391057
325620137
326187881
326463211
326602429
326642741
326721019
327067243
327390461
327578549
327717791
328229687
328307501
328330987
328410371
328898861
329168713
329795539
330075719
330229531
330963289
330995003
331197143
331277927
331354613
331641437
331918127
332030159
332619829
332857687
332942447
332993779
333193997
333229777
333291727
333669163
333674491
334548427
334612589
334791209
334926817
335037817
335209109
335270293
335501983
336384409
337946233
337992211
338505397
338697811
338727131
339082033
339501053
339945581
340361179
340435297
340508107
340973159
341480723
341741209
341812321
341957351
342080183
342395377
343242287
343463011
343776493
343854559
343932473
344001599
344184517
344645863
344648849
344711827
344844583
344913461
345020653
345112763
345710639
345728639
345768677
345948077
346511699
346554049
346598099
346687333
347092453
347272697
347412379
347688479
347694307
348003959
348510119
348754699
349052489
349461389
349762993
349801681
349877537
350181203
350794973
351108557
351726677
351745151
351951179
352509191
352834891
352984873
353111753
353169673
353325191
353414447
353624353
353628503
353784337
353897161
353927851
354114919
354462349
354773933
355607093
355613611
355716017
356058701
356163611
356889677
357458119
357513029
357561047
357648131
357831041
357852617
358214459
358945051
359302061
359391731
359491681
359514503
359658713
359701987
359739713
359848189
359896793
360016169
360279503
360360659
360495283
360778291
360999833
361519979
361558007
362172511
362760781
362901131
363070049
363196781
363502981
363956497
364838797
365044301
365445007
365915171
365994427
366150803
366291493
366389663
366778289
368137537
368526637
368648419
368658133
369052121
369327487
369548167
369584513
369605429
369643451
369875633
370324291
370835239
371592049
371723699
371868271
371913067
372070883
372624877
372822431
372914107
372990911
373147763
373348567
373503751
373513241
373722889
373885177
373969919
374167159
374398693
374418349
374933123
375067009
375198431
375200431
375573313
375732293
376202023
376239179
377171881
377345257
377562697
377800243
378966509
379054069
379445399
380030251
380566639
380699569
380700641
380848427
380925733
381051857
381089129
381298033
381534623
381756953
381870443
382138607
382287013
382951883
383060219
383359927
383613547
383637481
383762297
383851231
383948993
384029081
384362119
384484613
385036199
385069019
385232921
385710197
385877851
385896559
386002387
386131531
386201989
386954003
387003157
387106373
387169553
387170177
387183157
387537571
387549797
388082333
388089613
388545211
388878143
388882789
389232407
389756513
389778029
389827721
389918153
390105491
390400363
390647723
391157989
391267619
391744669
392078549
392775811
392794099
392796763
392858113
392984327
393075637
393268397
393685471
394385179
394874489
394901167
394945601
395076509
395208883
395564713
396023429
396611519
396871801
396900659
396935689
396936779
397493743
397534063
397600999
398397049
398421649
398427031
399036059
399811759
399856427
399884171
400007249
400055209
400227299
400339153
400729397
401517829
401688923
402340273
402770461
404078923
404640569
404733899
405312421
405630619
405948581
406021703
407313281
407334269
407697943
408032081
408213851
408262711
408868549
409010279
409126873
409331917
409365863
409417573
409466951
410154341
410246303
410282083
410367911
410512679
410624107
410714429
410769839
410986259
411259487
411388841
411519103
411929677
411932971
412136107
412413689
412598363
412959187
413577509
413831023
413925007
414113671
414200747
414212209
414401107
414891781
415002649
415336841
415728757
415823453
416034197
416096557
416301929
416320543
416547853
416862619
416938507
417169199
418469071
418645243
418671203
418672027
418796869
419011231
419471291
419589133
419881367
420275899
420378731
420759139
421028693
421883741
422189897
422216609
422899583
423081727
423185597
423235727
423314897
423405239
423423181
423433237
423473591
423731389
423812273
423825221
424149421
425427077
425753849
425916563
426551869
426660301
427285693
427547209
427594627
427635083
428107627
428110079
428242201
428658869
429543479
429807559
430398929
430911281
431514173
431733223
431947709
432065923
432358811
432511549
432864119
432893441
433087607
433101271
433507409
434258977
434316917
434703551
435251293
435768233
436258399
436759009
437018671
437153803
437162171
437163049
437298413
437455769
437835479
439175117
439230329
439464941
439627537
439780487
439823809
439880557
440213143
440503747
440603693
441008081
441747671
441998393
442705951
442735841
442765403
442953157
443092609
443197627
443402749
443668021
443988299
444201419
444241597
444954883
445407007
445533589
445556939
445884809
445964579
446162683
446513009
446558863
446564837
447276559
447854387
447926447
448161019
448293101
449320187
449409953
449504401
449602759
450193397
450709681
451814681
452476247
452678861
453736979
453800951
453890419
454047569
454251827
454378577
455065777
455783327
455816747
456009083
456033727
456555611
456654197
456818309
457077947
457194677
457401913
457513153
457566587
457743739
458489501
459555037
459581117
459905881
460108183
460838089
461075509
461085841
461100443
461382979
461585099
461789543
462393037
462409567
462953011
463268633
463459439
463464941
463735991
464063123
464177993
464467309
465059069
465319499
465543857
465562117
466154519
466607563
466819267
467856491
467998889
468105107
468490481
469710907
469715647
469816289
470213351
470547433
470883421
471851869
471922943
472366693
473013557
473701609
474146599
474336809
475518431
476272793
476737661
476824603
476885333
476919337
477189091
477484999
478160747
478327477
478725263
478751687
479055713
479060677
479247793
479375431
479900711
480933737
481275259
482090117
482375263
482460677
482583289
482708519
482777299
483009623
483052007
483231737
483421717
483722531
484258457
484503673
484511653
484604201
485499589
485581909
485615681
485933737
486550199
486616643
486870101
486879083
487026767
487026941
487088891
487165901
487540597
488109299
488115659
488525087
488606141
489208063
489600779
490548197
490584701
490732909
491079571
491385577
491912917
492052049
493365569
493966591
494056349
494948579
495027041
495502793
495579979
495764527
496053763
496262219
496379327
496404817
496649921
497308583
497672213
497781797
497958359
498029599
498197981
498359347
498619003
498944603
499063559
499406447
499648031
499741267
500043959
500209733
500361419
500413229
500987119
501272243
501485483
501607369
501955123
502084087
502279849
502300753
503384573
503541187
503812637
503931893
504085847
504869597
504996049
505155373
505299629
505929719
506622997
506710027
506723561
508145167
508261309
508621859
508990381
509509417
509563363
510115033
510423307
511247509
511389727
511393121
511706777
511816891
511953943
512172733
512222663
512291783
512499401
512969629
513040063
513117379
513558247
514299473
514735357
514851893
514889629
514993403
515516537
516000697
516067163
516668417
516821629
517082771
518190671
518571377
519054937
519214741
519282349
520033837
520147603
520229681
520500887
520637459
521565571
521793241
521947087
521980457
522596143
523009961
524048737
524314411
524386169
524697157
525126659
525177833
525714323
526091047
526138181
526288141
526320503
526351211
526470097
526977481
527026403
527118029
528090683
528946373
529038437
529043989
529247183
529464373
529603427
529995131
530435197
530809541
530963827
531691939
531702833
531847709
531879703
532417447
532675397
533302339
533457563
533771081
534731089
534758141
534875041
535188377
535346083
535594753
535976249
536505971
536939483
537150619
537747941
538179151
538194977
538281061
540224887
540249569
540319457
540431797
540455963
540686281
540822839
541164497
541355869
542262899
543026347
543219641
543718103
543880901
543964297
543979609
544027933
544058423
544193653
544444931
544496233
544614149
544848697
544872301
544882643
546516037
547300333
547472671
548154611
548419871
548821069
549695831
549751211
551090179
551394409
551439631
551685877
551781361
552123203
552263287
552885947
553326419
553506973
553648079
554181553
554257247
554950427
555217097
555484481
556161131
556797233
556899419
557466001
557583223
557756711
558803093
558832433
559110581
559300387
559648961
559769143
559772627
560200499
560489353
560664101
561054551
561418483
561949627
561990523
562229639
562393739
563032739
563970347
564545389
564680191
564707279
564750517
565066379
566079083
566466053
566578997
566980571
567442523
568082371
568390969
569070013
569161553
569170643
569462077
569602619
569744029
569893043
570343079
570925183
571098113
571113709
571680359
572063021
572236109
573245819
573326813
573444499
573828991
574280381
574658341
574676197
575119183
575230849
575924431
575953579
576113653
576133781
576600499
576765559
577021603
577041301
577290089
577576273
577607059
577642193
578594459
578642657
578728499
578730959
578883311
579328333
579381659
579711901
580128959
580214273
580399103
580568101
581027527
581324753
581673773
582138961
582836263
583024451
583510271
583790297
583822433
584455099
585092461
585484901
585552133
585925231
587293571
587362129
587540687
587557811
587732461
588477881
588592007
589599727
589653983
590341369
590369089
590386439
591525971
591538733
591604609
592354733
592431361
592549277
592776923
592867631
593116399
593914457
594303631
594857707
594862361
595215497
595658849
596085463
596263307
596890153
597607079
597981287
598254971
599258021
599426983
600673741
600963031
602630839
603616973
603774047
604104517
604480309
605303107
605390021
605704387
606008353
606785939
607424221
607587173
608268607
608450503
609223157
609565969
609659539
609906491
610118237
610535843
611526701
611719613
612654061
613016473
613095331
613244981
613562441
614070883
614094629
614516761
614537377
614712001
615684791
615994381
616452149
617035829
617164019
617453933
618292537
618446377
618523021
619138447
619201867
620130383
620421037
620461117
620870891
620893621
621700643
621813461
621980971
622725371
624285499
625256917
625831889
625913063
626040421
627062053
627485863
627693323
627759533
627781019
630261473
631434521
631922429
632460593
634427047
634577527
634952551
635165099
635616749
636773117
637729627
637826669
638567467
639103397
639105221
639517381
639568327
639915329
640403443
641247731
641539433
642926563
642928007
643344677
643546847
643785823
643808101
644153141
644714221
644845919
644993417
645041491
646047499
646237217
647079119
647099767
647248669
647389081
647435267
647571367
648502199
649075639
650134367
650303321
650607403
650884931
652577977
652923109
653125679
653449913
653465861
653672477
653827897
653984027
654414947
654865231
654901007
655231457
655507123
656511061
657533159
657673987
657722491
657880241
659800979
660895721
661838207
661989763
662602519
663661003
664187963
664654189
666086891
666231233
666306779
666640649
667008899
667386803
667615127
668254261
668424257
669639907
669738551
669885457
669901417
669911813
669936899
670166171
670193053
670978541
671123351
671425459
671626817
671697487
671975693
672804463
673276889
673368287
673778291
673934231
674071793
674180147
674455097
674766947
675505871
675840709
676273397
677348437
677476441
677692091
677692751
678186997
678675373
678913877
678969029
679597703
681176599
682482737
682515791
682602589
682623079
682680521
682832473
683187391
684798119
685441753
686457017
686869753
687075737
687204703
687244049
687585799
687708943
688370597
688440101
689448301
690234823
690471059
690547111
691265719
691381879
691451029
691520597
691846801
691995959
692664451
693170083
693203867
693267691
694871519
695260771
695530307
695654611
696140623
696446581
697666747
697865227
697910363
698161229
698726191
699151049
699338743
699841943
700644011
700850401
700971941
701018011
701215721
701234923
701699359
701701753
701715611
701742607
701863417
701933147
702038677
703260937
703576283
703845133
704072273
704458451
704795963
705108553
706212973
706565963
706836539
707372311
707893427
707997469
708105427
709581113
709652453
711018401
711322751
712589387
713318143
713547539
713761397
713831927
714058381
714286099
714303091
714304067
715685869
715787753
716470289
716701441
717889247
718181833
718480759
719254667
719361901
719382667
719505461
720301667
722162341
722602763
722865307
722982791
723429827
723785707
723888397
724646081
724799347
724907539
725554663
725583473
725734439
727515881
728183063
728950919
729026153
729040343
729659201
730152179
730668149
730952701
732149611
732264139
732852403
732996931
733071503
733733471
733806617
734041681
734819779
734920309
736473833
738637553
738770761
738806287
740955623
741743263
741891971
742056979
742516937
743093441
743806519
744266129
744344717
744668591
746126749
746193793
746492939
747099313
747105533
747518341
748313921
748811221
748838197
749017081
749130427
749156041
749719351
749795411
750077381
750214177
750337099
752020733
752387873
753729533
753744169
753753967
754076051
754127219
754430639
756340469
757243177
757921189
758234791
758630753
759165839
759277349
760133537
760488899
760502381
760813931
761097143
761872379
762241573
762264163
762959653
763492307
763847627
765057413
765922877
766283773
767210621
767332459
767404609
767491969
767601487
767709209
767847541
767855593
768855167
768889531
768973397
769664449
769913531
770524619
771099551
771285041
772448863
772551539
772815941
773466359
773500517
773526007
774072823
774172459
775206073
776442283
777261601
777797791
777969989
778370711
778959689
779529769
779558887
780339697
780399353
781103201
782050891
782263187
782400181
782715337
782865883
783648911
783922201
784460783
785116687
785176351
785829487
786421243
787487479
787635097
788416949
789394061
789515777
789954947
790204397
790305613
790776397
790982393
791916539
792920857
793115753
794842787
796342817
797595703
797856481
797955251
797990621
799537643
800126273
801027511
801395843
801918071
802511153
802528801
804819283
805076563
806521103
807490319
807509837
808149959
808555939
808795367
809802659
810230803
810594439
811405817
811569679
811586371
811743979
811853507
812106679
812174189
812636467
812708233
812816197
813134353
813492139
814064749
816776347
817222277
817642193
817999957
819843371
820159811
820300093
820453987
821224303
821650603
821809909
821902189
821954579
823347377
823769519
824276573
824316781
826098643
826714897
827216759
828199103
828330143
828920551
828942547
829341529
829802251
829888069
830313457
830597107
831154139
831570713
831731689
831821891
831906623
832040257
834292453
834420827
835593779
837047459
837329609
837537367
837986029
838354663
838376563
838811551
839403011
839798023
839907823
840299431
842125903
842442103
842456477
842578559
843241253
844057891
844992061
845187683
845880137
846648281
846777017
846963433
847538113
848689507
848770859
848777053
849717887
849722299
849757871
850316321
851626871
851978051
852889637
854647931
855628021
856031987
856098179
856432177
856505681
856789291
856794353
857141743
857334649
857711219
858542803
859035343
859383463
859626727
859740587
859916609
860556901
860869577
861266387
861318859
861930343
862660301
863323343
865135613
865598141
866934181
867720901
869105933
869306021
869453747
869935763
871013569
872839237
873516823
873599611
873959551
874438109
874825789
875447411
875812979
875955589
876116663
876123947
876542743
876789527
876809621
877804817
878327033
879394963
881297203
881637377
881740609
882169703
882216983
883480777
885683957
886534157
886946873
887275637
888103049
888894103
889240111
889383797
889676101
890350679
890480713
891103487
891734293
891749923
891940811
892574251
894065069
896734457
898142177
901599599
902613583
903814949
904272869
905113477
905202343
906952729
907339189
908938997
909336223
909889787
911050163
912153457
912274801
912825733
913040257
913807519
914891849
915042719
915047647
915783529
915830843
915999991
916676701
917390521
917858017
918222653
919536767
919754369
920150383
920469101
921065581
921224233
921713827
923697883
924036943
924709741
925215611
926094817
926419339
926620111
926756213
927173383
927983477
928407593
929112671
930036733
930129419
932292289
932340427
932469949
932705623
933562789
933641927
934327409
934405877
934600229
935056961
936735557
936844199
938143027
938254841
939447881
940608059
940801523
942548147
942762757
943043221
943913137
943971799
944750153
946110323
946828271
947184671
947829391
948222157
948339251
948517747
948821989
949471121
949701517
950059723
951161447
951251237
952064609
953180869
953534033
953546929
954188993
955072369
955607161
955654069
956825251
957389843
958188227
959172343
959938913
960405119
960502409
961332989
961608887
964150303
964307737
965166469
968290151
969373409
969555607
969741481
970110377
971059303
972170351
973237579
973678609
974492401
974515057
975348863
976455637
976755617
977574523
977621651
978187957
978275651
978287071
978611339
978919423
980177927
980415223
980535601
981639367
982541081
983013607
983549081
983682989
984846857
985629241
987860129
988688501
989070167
989480851
989657827
990530461
990539021
991723793
994255783
996098981
997420261
997668043
998024663
998027137
1000025197
1000308389
1001301347
1001713591
1001849707
1002347959
1004538737
1007261377
1007631137
1008426143
1008799919
1009187131
1010046643
1010994379
1013500549
1013526401
1015118101
1016125337
1016846141
1017199033
1017641299
1018007863
1018050743
1018165007
1018492273
1020560293
1020612707
1020973931
1021453739
1021552261
1023349451
1023615193
1023691639
1023906839
1024720621
1025269093
1025299703
1025967727
1029455857
1029582623
1030046561
1030196161
1030413623
1030904629
1032890461
1034054083
1035219257
1035673631
1035991937
1036265663
1036376059
1037620063
1037726243
1038198107
1039097849
1039291061
1039749797
1040331161
1041503633
1041621481
1042283477
1043157877
1043685157
1043941753
1044063577
1044799463
1046578529
1046583787
1047501607
1047690929
1048341071
1048716377
1048819367
1049525693
1050275617
1050785713
1052613181
1055105659
1055393401
1055729293
1056943207
1057789919
1058302001
1059880573
1060557331
1061200409
1061442061
1061562781
1062546083
1063253267
1064795191
1065221167
1066470143
1067494891
1067634863
1068638567
1069078579
1069155011
1069380859
1070530463
1070710727
1070954653
1071410723
1072291351
1072752281
1072874711
1073411293
1073601181
1074304423
1074548689
1075575323
1076498197
1076561819
1077202921
1077668821
1078540171
1078594523
1078905301
1079690687
1080023041
1081836367
1082515331
1083403459
1083699139
1084172759
1084438351
1085347157
1086293797
1089312533
1089729761
1090308607
1090698793
1093590101
1094595253
1095377651
1095606263
1096268011
1096349209
1097499517
1097643731
1097888089
1098958631
1100376103
1100964499
1101135029
1101800527
1102643957
1103924309
1104297329
1105241777
1105273693
1106372479
1106436677
1106691401
1107129997
1107569989
1109089613
1109614897
1109619691
1109761327
1110985121
1112183551
1112332759
1112452199
1113515833
1114198831
1114889417
1115106019
1115341391
1120015609
1120182227
1122009929
1122400189
1122571757
1122860569
1123618739
1124435281
1124755741
1125529001
1129098869
1131004129
1132069847
1132422461
1132453573
1132916093
1133387551
1134025363
1134574213
1135911239
1136751859
1137298493
1138620667
1139570381
1139700031
1139727949
1140511153
1142249489
1143882869
1144660207
1144732189
1144972811
1145125441
1145599921
1146433087
1146780857
1147656607
1149778379
1150410229
1150792043
1151222873
1152603307
1153964431
1154369059
1154478811
1154511227
1154696483
1155064699
1156543639
1156863401
1157195929
1157944129
1159091383
1159372657
1160905663
1162993717
1163462471
1164425903
1167003011
1167907757
1169386321
1169502979
1169942887
1170075497
1172051047
1172475257
1172676049
1172705399
1173274693
1173942617
1174086029
1174376839
1176700619
1178065687
1178749699
1178868461
1179245401
1179408959
1179906599
1180373339
1180587949
1181519587
1182046759
1182379249
1183753589
1184389939
1185446221
1185609361
1186260301
1188368417
1188863603
1189470011
1192289521
1194404947
1195124171
1195415029
1197240943
1197279949
1197462281
1198871363
1200380053
1200937853
1201595299
1201598977
1201645831
1202361899
1205559611
1207949653
1208148341
1210023757
1210421039
1210635091
1211209603
1212694733
1213378603
1213586093
1215255661
1215726059
1215788383
1216805573
1217395351
1218334433
1218667189
1218821767
1221003671
1221025951
1222095769
1223393609
1224856753
1225144747
1225544743
1227394631
1229360581
1230896837
1231137673
1231289263
1232557903
1233453271
1233880177
1235585249
1236754877
1240051649
1240266257
1240488329
1240650877
1240781699
1241208281
1242299833
1242502127
1244403557
1244674793
1245510433
1246450507
1246709713
1246811243
1249400167
1249635061
1250963503
1251068363
1251160787
1251237557
1251459439
1251839887
1251988459
1253129093
1257070651
1257765809
1257922859
1259252983
1259740543
1261622959
1262443939
1262470801
1263321547
1263420923
1265013391
1265752853
1265887459
1268071501
1268091733
1268709383
1268738677
1268841137
1272187057
1272925679
1275781807
1275844967
1276097281
1276688689
1277610821
1278612047
1278916349
1279010303
1279998617
1283006821
1283906383
1283980073
1288720327
1289945213
1292430229
1292436989
1292574271
1295437711
1295973061
1296590873
1296766483
1297572739
1298437717
1299827051
1300625071
1300903453
1301726977
1301966429
1303192021
1303931039
1304119651
1304519059
1306227071
1306704137
1306945417
1308703499
1309562447
1309682623
1310240419
1313078519
1315055143
1316422673
1318323239
1319822381
1319999273
1322681179
1323860257
1324170013
1324702133
1325632211
1325873849
1326869143
1328121427
1329718241
1330463699
1331577449
1332568669
1332862807
1333422031
1333480019
1333546139
1336090213
1337923177
1342870609
1344167959
1345669249
1347432743
1348947497
1351463237
1351923259
1352644681
1353275239
1353669637
1354675687
1354865917
1355817689
1356022621
1362359917
1363052759
1364758621
1365085817
1365993917
1366781467
1366954549
1368258043
1369448833
1369574903
1369720519
1371264743
1372027817
1374252857
1374388931
1377019183
1377034003
1378484189
1379367467
1379756297
1379987383
1380249293
1380536627
1380852763
1380957041
1381536397
1382028833
1384953067
1387165189
1387716097
1388199359
1389849277
1391591683
1392336481
1394435027
1394646347
1395557909
1395875959
1395971963
1396119623
1397397179
1397504879
1399034887
1399380701
1399654439
1400280697
1401327253
1401827659
1403499367
1404395761
1405476461
1406373767
1408823621
1409592211
1409839471
1411656839
1411760431
1412923013
1413110063
1413298127
1413500681
1414337131
1415308241
1415638559
1416134197
1416775973
1417527539
1421113583
1421875933
1424381473
1425957119
1426982131
1431175477
1433153789
1434706781
1434803717
1435212287
1436733091
1441505011
1442031313
1444418947
1444789103
1445303207
1446484667
1447023443
1447767613
1447896739
1449915767
1450934437
1451610287
1452996299
1457312873
1457369983
1459407773
1459972343
1459979347
1460052239
1461068801
1461429467
1462351909
1462568729
1462704307
1462862243
1463435261
1463573497
1464115693
1465807183
1466203223
1467087241
1467526219
1467975793
1468262087
1469318537
1469511493
1470574297
1474447589
1475421643
1477218949
1477520497
1478247227
1478965207
1479137629
1479982639
1480749901
1483928527
1484420557
1485503249
1486143721
1487439581
1487725067
1488021463
1488846841
1489033163
1491113599
1491348091
1492779679
1493258743
1495008233
1495302073
1496772247
1497692773
1498074371
1498552663
1500977087
1501823887
1502676977
1505116163
1507764997
1509220123
1509618977
1510194121
1511006437
1511616311
1513149019
1514475797
1518069803
1519392907
1519991537
1520492453
1520596381
1525720829
1526727751
1527083377
1527817787
1530323723
1535043137
1535146603
1535811923
1536533821
1536629069
1537383079
1538601193
1541719129
1543126583
1543674917
1543969913
1544254193
1545564353
1547428469
1548472301
1548716033
1553420963
1554229169
1555188959
1557527383
1558636271
1559898107
1559929097
1562164291
1562725919
1562993569
1563242851
1563667169
1563898229
1563975313
1569731719
1570822633
1571485169
1572243653
1572824093
1574352919
1577200363
1577377267
1579250623
1580755817
1581697597
1583320301
1588812209
1592083697
1593151067
1594687079
1595508829
1595696989
1597664977
1598110307
1598246263
1599143717
1599478799
1602183091
1602794477
1602826061
1603516997
1603726277
1604351237
1607032223
1611128647
1614587411
1614873283
1616049103
1618616471
1618631503
1625198899
1626735301
1627468099
1632033523
1633510843
1637406721
1637606533
1638533009
1642807709
1643135071
1644306017
1649227667
1649991121
1650399739
1650725729
1653394339
1654428233
1655151623
1655607659
1656333907
1657513343
1661799281
1662539341
1663394003
1665547913
1665904081
1666826531
1671554897
1675600231
1675973317
1676328323
1677977779
1678821499
1679136671
1682834653
1683524021
1684902449
1686260831
1687989943
1688017997
1688494987
1690638029
1690758677
1692080921
1696614889
1697461573
1697760821
1699343237
1700305147
1701651517
1702525763
1703001961
1707938509
1709139941
1709720501
1710311191
1711226261
1714335617
1714809287
1717361311
1719564199
1719734941
1720674103
1722067807
1722730157
1724950039
1728599737
1728808427
1729198717
1730879377
1731532169
1732732039
1734979577
1738806697
1739059811
1739547839
1739553383
1739767109
1747027241
1747129147
1747973453
1749500581
1749544847
1749922231
1750942043
1756071211
1768130743
1769345923
1772047703
1776907553
1777327403
1779280339
1783705981
1784452259
1785504223
1786731797
1789346903
1789526059
1791658073
1798404389
1800512587
1801123283
1802961653
1804176307
1811065327
1811780291
1814449477
1820128657
1821118381
1823989421
1824571097
1827896971
1827948383
1831972403
1832920753
1834717891
1836305311
1839865723
1842834619
1846285193
1849149737
1850096879
1853916091
1854199121
1858891669
1859483473
1860750251
1864141519
1865298209
1866055559
1870139633
1870433749
1871678437
1871996767
1874540719
1876980851
1877208763
1882060153
1882355933
1883999683
1886072653
1887723043
1888472869
1892238379
1895970371
1896121229
1897166329
1897539827
1899037667
1902219497
1903569331
1903827703
1907948261
1914722219
1916009993
1916046553
1917375301
1919436581
1920143681
1922174503
1922992319
1925134261
1926841633
1934976067
1934982047
1935373861
1938208667
1940484517
1943023603
1945707853
1949220121
1950055537
1950209857
1952019919
1955404813
1956917423
1959433393
1962205837
1964964479
1969051261
1970639863
1973637397
1975139051
1981322977
1985905183
1987182917
1987771063
1991314007
1994169053
2002183471
2009671523
2019770849
2022149737
2023632269
2026061269
2031636353
2033912891
2035422127
2040411497
2045114173
2047629457
2048472169
2052603199
2053387757
2053966819
2060054027
2066192071
2067487937
2080078681
2080314037
2086353701
2086716581
2092587779
2094436427
2095328743
2099726339
2101693387
2105425841
2114916703
2115535351
2116645463
2117515451
2117927087
2118433799
2122559563
2123300351
2134358983
2142801691
2151114857
2161939751
2175602711
2195720971
2198780393
2199247087
2202273737
2207508893
2215706729
2221648159
2233761143
2234957869
2245562701
2249125441
2254783009
2273825369
2317194683
2341282169
