33193
157709
168274
206463
208214
222487
400909
452411
653747
792739
829739
917249
1017257
1160591
1339081
1422511
1777361
1808621
1826941
1922861
1942903
2115163
2216881
2469683
2469991
2686351
2758883
2784641
2858351
2898839
3017869
3484009
3510931
3653879
3716509
3829193
3888757
4014541
4045801
4079497
4123501
4355627
4615459
4651961
4708343
4848149
4861981
5105447
5115109
5342507
5483677
5506069
5559461
5623921
5963273
6116959
6510767
6519727
6675467
6864337
6898649
7099879
7181561
7890133
7892273
7966139
7972543
8191993
8249671
8502031
8505589
9170849
9203093
9342427
9394433
9744047
9915253
10128799
10182649
10471061
10606499
10612883
10722847
10773599
11069689
11190161
11339597
11341459
12019157
12188203
12359309
12626927
12643181
13541713
14221729
14266471
14271053
14328893
14871977
15173309
15262717
16008227
16227961
16832069
16857989
16944401
17578621
17627149
18198113
18232547
18720517
18912253
18992221
19000939
19062749
19164289
19375981
20180789
20210347
20462623
20667001
21512269
21702943
21925483
22169011
22175669
22199423
22229089
22537429
22559083
22599601
22641209
23007503
23375941
23382637
23798041
23845697
23982979
24209657
24339233
24565369
24759461
24926833
25015807
25366651
25414171
25416959
25923463
25966351
26449063
26547137
26608763
26935537
27545659
27570157
27980899
28077587
28193909
28398133
28711807
28712731
28861661
28975753
29109097
29287681
29737327
30203351
31121897
31691911
32006263
32261959
32427961
32581933
32633767
32720243
32758709
32896519
32917597
33087427
33515179
33663101
33863161
34166273
34411067
34579609
34612817
34723421
34843451
35008969
35174081
35798011
36444101
36867841
37454117
37720381
37787489
38725993
38767943
39197723
39298423
39306277
39653881
39685067
39871129
40084943
40648151
41049571
41241463
41484101
42241117
42329717
42626729
43293463
43627751
43999607
44157367
44243977
44333291
44806681
44920441
45000223
45331087
46270711
46569197
46700551
46964851
47213723
47330719
47419831
47720833
48020383
48791537
49083389
49176781
49360903
49668181
50291431
51671497
52106543
52115159
52474391
52798909
52918237
53471057
54054961
54552877
54837683
56342687
57288541
57684427
57771227
57930967
58342591
58382279
58772671
59628329
59688007
60505793
60649613
60876199
60882473
61173829
61312877
61330669
61467547
61486693
61633727
61854829
61994893
62294447
62597473
62757553
63003181
64007063
64071769
64098157
64154807
64903823
65272357
65447023
65542901
65807341
65932663
66242837
66378451
66380113
66590767
67043527
67115351
67428671
67555489
67706623
68133803
68454073
68560781
68937541
68957387
69480559
69851281
70051831
70202137
70395881
70483277
70490939
70776427
71395003
71632027
72075281
72218063
72523643
73337611
73471129
74232401
74311361
74562181
74769203
74827667
75236173
75238187
75656491
76143559
77025217
77025329
77316749
77634043
78669061
79427833
79559819
79770997
79959413
80164373
80330279
80818781
81424471
81485881
81550141
81570103
81658793
82438667
82487843
83027257
83482043
84405169
84588443
84937393
85042543
85336663
85592497
85779721
86163151
86345167
87346843
87425381
87840353
88712551
89420873
89700977
90007831
90038119
90238307
90405281
90468593
90670919
90752177
91142819
91579597
91842719
92000921
92027609
92363983
92728963
92789017
92886481
92978323
93396133
93630149
94012313
94483387
95905307
96234839
96244609
96840439
96936011
97246493
98074057
98422501
98558041
98568997
99052747
99583019
99663427
99702223
99705251
100253851
100470791
100670827
101466719
101584207
102057671
102338219
102723757
103492541
104260511
104329661
104422733
104670803
104860279
105072677
105140929
105680297
106041961
106066361
106139669
107465461
107536397
107543753
107610073
108000083
108556493
108564383
108734653
109249267
109264823
109794257
109935797
110028839
110416633
110489801
111292679
111787303
111823211
112026437
112224031
112286183
113829883
113991421
114106393
114438967
114475583
114707933
114840109
115291609
116189797
116404643
116854139
117888481
119263831
119305027
119561083
120117703
120712411
120979283
121293103
121442329
122024957
122067493
123149197
123208339
123208739
124089569
124688737
124870939
125476121
125546593
125685127
125817049
126618529
126919099
126974299
127061551
128011421
128035409
128712431
128947991
130528169
131665007
131690179
132564427
132928633
133527463
133975217
134033359
134581463
135349453
135576929
135665503
135799271
135888811
136496197
136608697
136932541
137166803
137382779
137402477
137465611
137528869
140089331
141293039
141786577
142073909
142460641
142608679
142638329
143585807
144086981
144215861
145208537
145278589
145646201
146462861
146882753
146900657
146995747
147278371
147636791
147791113
148198681
148240229
148253569
148268453
148772651
148962101
149027807
149955107
150405839
150488959
150586159
151082669
151382741
151754987
152132381
152300437
152390767
152460937
152643583
153072347
153339019
153457573
153476233
153602237
153759587
154298311
154774049
155285849
155419577
155487263
155751247
155853631
156098903
156247739
156659339
156684989
158071343
158746151
159280343
159715639
160715729
161479013
161659871
161762981
162248599
162552409
163318081
164061449
164293823
164297629
164446811
164470307
165858377
166176781
166625621
166862431
167390593
167556773
168195409
168270827
168503767
168512489
168534649
168562789
169124023
169563517
170257513
170505931
171155981
171181729
172112377
172983269
173003609
174057563
174167597
174261649
174784243
175026673
175204427
176384983
176387921
177438383
178519151
178784273
179735873
180641399
180879709
181471331
182089429
182348557
182964647
183235529
183701893
184144729
184207519
184619651
184650857
184676189
184812689
185368349
185736319
186901283
187047911
187338269
187488667
187596889
188936639
189213653
189352127
189847321
189956651
190461451
190670533
191189657
191319319
191947247
192000449
193239769
194965493
195197537
195485957
195884111
196010291
196094903
196123181
196317587
196820633
198014393
198441979
198864817
199366243
200425117
200866021
201251887
201263533
202329947
203070809
203380781
203942603
204169529
204366121
204992317
206773961
206815067
207067153
207580273
207827167
209554547
209584733
209648783
210199069
211361897
212058593
212174657
212371403
212522873
215858497
217183069
217449971
217745657
217796749
218554783
219017347
219023671
221099293
221529331
221811917
221977573
221980327
222906517
223503827
223800923
224306029
225365333
225390419
225838621
226072309
227800913
228382207
228412781
228450347
228751493
228769819
228943441
229565023
229584041
229784179
229809091
230097367
230105413
230202139
230606171
230690773
231472379
231485783
232350931
232591169
232955237
233269747
233767379
234193741
234514289
235327207
235357357
235380311
235431809
235505219
235930081
236153551
236939023
237062801
237163219
237404537
237537551
237652711
237795631
238650521
239068409
239443891
239962621
240379723
240680617
241246631
241932517
242021413
242344439
242707813
242757503
242879653
243099071
244494049
244702519
245904301
245977247
246076459
246538093
247428743
247472041
247570859
249071101
249988853
250466897
250820909
251102939
251696969
251772337
253260661
253733317
254245847
254377471
255172847
255205421
255830741
256054129
257297387
257601499
258874199
259081001
259329269
259596731
260061691
260346217
261329839
263215259
263489431
263595377
265575311
265975991
267815389
267927977
267947371
268539823
268868357
268926683
269252551
269595743
270209503
270222661
270486653
270726233
271060663
271352303
272490289
272885579
272916601
273150107
273622931
273721057
274375337
274605733
275198383
276497857
276745369
276845519
278640629
278954707
279024509
279644077
282625327
282926411
284578643
285067807
285883673
287088397
287537837
287966477
288057541
288400159
289698659
290023697
290816359
291465593
291953303
292094423
292446989
293989321
294850487
295313063
295351571
295555853
296355737
296923723
297909847
298137899
298522633
299743051
300542549
300639127
300845533
301393441
302742799
303043183
303093649
304504787
305684801
305902211
306224623
306259939
306335753
306797741
309295967
310383641
310810963
310888909
310910227
311881247
312175793
312473453
313522633
314543149
314933581
315034387
315182677
315743833
318502991
319058297
319580839
319855961
320999039
322004743
322669901
322910671
323547967
324262711
324511529
325527751
326396051
326756987
327808067
329428523
329911919
330175271
330438883
330839413
331330159
331369007
331381133
331684609
332229389
332577073
333042173
333191153
333830279
334277491
334292587
335314229
335394443
335467169
337240907
337310767
337326239
337702597
338767129
339515909
341152459
341289451
341591681
341623169
341738609
341921843
342567649
342903983
343307971
343693921
345105461
345125623
345242393
346309477
346320187
346366297
348232343
349848407
349902937
350468633
350919703
350995837
351088519
351118849
351312509
352617779
353972273
354239297
355371979
355597133
356229487
357006841
357189319
357274793
357595463
358118711
359623421
360123457
360178487
362064383
362095519
362708677
363438511
364702493
364705433
364772651
364783957
365071601
365486351
365971381
366014293
366209957
366445481
367269101
369910889
370127089
370662557
371166451
371263679
371646313
371743297
373066249
373239617
373801811
374080747
374146939
374674589
374961001
375109963
375239299
376401563
377122717
378029387
379393351
381516959
381629527
383699447
383909927
384184553
384545003
384721433
385793581
385875157
385917967
386525807
386751731
387120179
387221453
388166087
389863307
390591049
390636677
391024897
392449349
392748359
392949173
393099299
393484249
393770357
395181431
395290127
396450001
396521927
396536983
397426661
397547993
397678741
398218153
399019771
400195363
400657667
400882903
401824567
401915351
402091891
402310681
402840817
404492453
404552803
404945293
405228139
407108813
409410629
410017693
410032657
410109841
410418443
411383639
411918977
412184579
412320127
413087321
413195407
413632931
415526057
415616273
417733739
417782039
418346267
418483633
419323493
419513383
419611921
419905439
420612169
423342251
423412721
424582273
424911419
424945681
425016841
426497653
426643601
427530289
428336749
429297949
430945211
431737153
432400091
432408029
433066729
433933831
434355871
434625889
435036961
435446393
436146857
436310263
437527637
438009763
439597637
442665073
442960963
445406909
445839803
446569493
447222799
449473753
450486833
450571271
451071547
451384643
453234361
454904579
455156171
455189509
456495113
456703199
457307209
457500479
457767103
458123101
458457371
458462759
459315187
460081597
460950793
461805739
462429763
462434143
462539053
462831049
463159727
463845611
465073877
465138293
466232989
467243297
469041031
469429399
469435259
469660843
470309459
471697307
472497433
472710439
472822871
473247583
473703361
476304947
476327329
477117521
477250919
477585763
477687893
478287547
478655131
480102307
482645017
482859617
482969467
483288217
483529597
483537259
483840979
485287841
486199741
486843757
489556663
489591643
490021793
490248613
490404053
490752883
490763297
490975957
492271757
492869549
493865503
493904023
493939373
494013229
494406611
494476483
495605069
496394737
497560673
499207649
499403479
499675691
500416459
500506663
500672317
500981671
501134299
501278747
501805159
502135757
502857461
504429829
504667871
505373147
505540183
506316401
506428849
506517677
506843299
507098303
507673693
509974919
510339091
512058149
512699683
513124397
513218911
513466229
513860939
514093267
514539461
514626919
515835917
517101133
517154497
517760609
517998401
518018639
518482637
518633711
518813891
518874947
519539233
519957653
519960109
520020211
520177181
520327063
520723661
523239139
523558727
524593159
525101987
525607997
526342181
529090279
529341853
530289493
531078473
531940393
531998569
532071721
532132063
532266661
532961537
533010433
533670589
534194173
534789037
534945739
535437649
535524133
535712173
536762731
538178093
539409181
540254213
540731957
541646089
542555077
543017491
543159583
543284549
544043107
544489013
545663381
546417329
546875237
547047841
547054093
547457567
548106127
548293157
548546407
550849153
551691131
551895997
552018601
552045751
552078547
553130693
553272241
553344521
554359439
554764069
556070171
556470527
557999359
558019027
558226847
558332927
558384587
558647417
559910863
562406807
562973771
563045611
563068063
563383889
563796553
564158123
564301679
564442847
566473451
567358247
567570151
568130683
568409533
569572373
571337939
571639489
571964891
572201323
572685731
573561619
573727751
574149311
574639649
574647769
575166833
575351167
577572169
578337623
578427331
580398097
580757873
581086439
581902337
581991607
583828873
584715031
584757193
585323131
585673091
586685111
587318597
587642239
587802379
588330797
590638709
590672309
591443353
591516397
591713069
592405909
592910203
593147267
593712047
595119677
595234517
595703363
595886947
596545951
596838551
598398683
599675423
599985847
599990371
600011911
600704941
601310693
601310971
601313809
602796773
602934611
603260381
604343947
604780879
606077951
606353639
610664657
611996543
613313999
613722167
613899679
614056213
614167637
614177897
614382623
614936341
615064381
615446267
616334713
616665761
617018053
619045057
619051637
619123301
619524253
620198569
620244619
620629327
621878567
622498453
623131013
623392753
624762029
627624863
627902479
628777769
630755903
631174913
632367317
632626009
633222787
633378101
633662047
634496813
635508539
636817703
639301483
639940991
641238331
641752939
643635227
643734667
644302237
646512121
647443099
648031249
648440647
648452251
649001581
649342123
650467267
653685911
653872909
654557909
654768691
654810907
655521809
656032697
658548571
659640193
660774473
660951821
660957373
661011541
662059273
662814709
664365827
664518061
665388271
666317959
666691241
667209157
667218679
668987467
669119069
669230479
670162789
671268581
671474387
671701963
672223271
672612781
672959201
674960857
676183087
676984717
677300699
678440171
678667697
679704497
681557983
681935461
682856491
683439161
683678351
683885539
683983351
684461203
684789197
686406839
686561647
687093793
687234679
688965401
689439407
689786861
690291587
690799643
692669839
692737597
692823139
692886367
693633041
693823069
693824513
694089827
694770289
695273071
695741503
695786083
695885951
695946827
696277039
696466091
696707969
697014979
697236613
697296443
699243313
700117711
701288339
702712363
704523881
704808323
705052813
706162867
707164153
707319797
707391557
707500177
707924641
708942709
709273393
709300261
709699409
710051557
710094499
710470129
711176639
711485339
714096007
715069097
715229617
715826537
716608129
716965103
717036757
718699853
718860067
720631189
720745037
721432259
721682051
722089591
722144669
722571263
722967067
723285473
724822459
725341763
725699701
725969653
726660497
726950839
727450543
728122897
730181203
730404401
730724077
730746473
731287177
731697721
732519379
732833573
733948703
734447887
735109883
735274927
736244321
736671493
736918531
737420197
739005481
739372111
739407131
739949593
740526719
740891477
743214907
744402401
745471169
747941927
749320877
749321519
749616587
751588867
751989793
753492659
753901051
754172779
755425091
757524223
757558147
757955857
758313449
759059617
759621487
759973103
760345181
761361121
761852009
762038671
762266521
762686191
763286647
764634547
765554971
765873959
766692181
766911127
768062171
769448059
770921419
773064931
773250109
774426421
774912781
775152181
776961253
776985509
777751721
777989833
778530047
778709809
778829897
779476063
780438983
780730411
781183811
782733827
783327841
784521889
785185139
785393593
785610583
788434853
788677453
788881931
789502211
789602899
789802487
790055927
791826443
793559077
797108029
797229403
797455433
797497427
799352321
799661129
800050451
800090521
800511359
802551271
802561621
803555573
804392597
804987641
806864213
807669469
809968273
810313597
811253767
811567769
811668059
812415587
812447263
813388441
814132301
816190901
817249333
817260721
818087789
818288299
819280823
820353227
821494867
822241327
822923237
823163189
823341317
823686931
823718729
823887221
823969933
824458717
824835997
826626323
827765573
830391173
830886857
832472197
833181841
833824363
835384513
839321183
840508213
840634013
840644393
842609153
843290431
843907721
844098583
845159057
846984163
847899061
848767159
848949061
849191899
849331793
849435211
849725293
850196527
851992093
852787499
853099913
853883983
854066783
857995261
859075537
859224031
860945089
862456097
862504157
862675193
863665141
865351483
865884931
866669887
866733019
868511561
868938557
869876011
873651617
876054923
876131231
877428647
878176511
879071357
879330553
879530303
879992803
882042911
885974381
886550311
887499479
887973689
889139081
889447003
890403533
890609521
890624341
891349931
891871163
892769327
893992613
894289079
896265257
897173491
897970499
898394687
900063851
904932709
906248341
907225211
908923117
909025231
909652717
911315089
912071389
912219953
913012579
913969957
918145339
918729313
919358941
919643539
921256793
922495997
923254757
923408719
924385129
924653879
925624289
926146307
926444797
926745719
927600379
928873619
929488421
930752519
931937117
933187301
935064301
935512559
935842363
938964557
940068169
941314949
944254523
944607919
944973349
947162201
947883221
948001253
948562847
949440721
950189161
951311573
952539769
955096487
955263053
956412049
957345737
959076467
960633211
961369879
961556173
961978183
962908189
964532551
965784961
966143419
967004191
968135447
968302087
971211797
971605469
972290563
972378059
974032583
974400971
975326551
975403207
976000027
976408261
976876379
977368111
977964497
978812407
979686637
982379369
984045947
984101359
984350531
984935179
985103627
985341859
985403323
986503597
988906271
989192887
990651517
991805219
995077409
995474021
996044461
996073007
996355729
997253707
998243843
998409757
998749867
999694477
1000433573
1001108219
1001537989
1001665321
1003467581
1003554361
1003848347
1004216737
1004437909
1004521121
1004917079
1006018969
1008440347
1009417247
1010239639
1011282227
1013834609
1013931433
1015029517
1015381063
1015960027
1017172927
1019221187
1020637487
1021103819
1021203193
1022323117
1022585017
1022823817
1023585091
1023941111
1025224787
1025348321
1028666713
1029293459
1029518107
1030842419
1033249229
1033252769
1037382971
1038237419
1041518353
1041699059
1041713003
1041941249
1041983623
1042341659
1045032523
1045377037
1045681829
1046156021
1046825861
1047064181
1048395193
1048778543
1049295901
1049474197
1049859661
1050870239
1050971599
1051036309
1052855477
1054240433
1055404291
1055406791
1057107587
1057305047
1058614541
1059888463
1062603653
1062792013
1064804443
1066450393
1066496869
1067342579
1070124191
1070823493
1071560449
1072530763
1072562467
1072811599
1074947339
1076633053
1078554119
1078591289
1079003339
1081503419
1081756037
1082501593
1082942027
1084758523
1084776961
1085352061
1087648439
1088767579
1089274091
1089721859
1090164139
1090940113
1090947581
1092313637
1093366409
1095757339
1098912739
1098939901
1100653663
1100728357
1101049541
1102747567
1103268559
1104130777
1104495011
1105254803
1105661519
1105845781
1106084081
1106275811
1106595823
1106669257
1106895091
1109013779
1114898581
1115835619
1117093097
1118176217
1118450659
1118825779
1118838571
1119202519
1122660193
1122769559
1123652807
1123700707
1123788167
1124649949
1125236989
1126404121
1126748477
1128385903
1129044337
1129352137
1131585383
1131616807
1133252971
1134615941
1135497499
1136398787
1136598017
1137106651
1137123763
1138311019
1139281223
1140224773
1140347627
1144065623
1145340907
1145947723
1145963789
1148660297
1149154961
1149828763
1149965743
1154928589
1156987243
1157246801
1157855323
1158996809
1159059697
1159201691
1159217701
1160389957
1161598169
1162254103
1162306063
1162540993
1162650121
1163277169
1164453151
1164696859
1167800791
1169449613
1169552171
1172022539
1173643271
1174107029
1175031563
1175556793
1176075587
1177302499
1179208871
1179296263
1180630777
1181065043
1181065253
1181451707
1182234187
1182842389
1183259527
1187502779
1187774789
1189006009
1190592589
1191143011
1191682727
1192595809
1193129527
1198061957
1199421581
1199680931
1201380967
1203235003
1203555841
1204115789
1205080817
1205435171
1205655547
1206061187
1207018607
1208162741
1208629063
1209741017
1210080353
1213196461
1213458551
1213875563
1214138587
1214165503
1214208311
1215461593
1215684401
1215705499
1215978653
1216788137
1217320859
1218249157
1219055549
1220076821
1220156719
1221636137
1222966099
1223358007
1223449841
1223759939
1224683041
1225423603
1226149723
1226314673
1228481699
1230935611
1231635781
1232866049
1233598087
1235025817
1241647669
1242292453
1242656671
1243093283
1244371741
1251353293
1253712973
1256131783
1256509601
1257848897
1258104667
1259389009
1259923549
1260740639
1261731377
1261896731
1262598319
1263047563
1263551789
1265950393
1269183353
1269292051
1274011051
1274785907
1275221621
1276118531
1279207747
1280597729
1281601103
1282515389
1282600009
1285527311
1285603967
1285752341
1285925317
1287203681
1289756927
1289967197
1293610723
1293700769
1294803383
1296006077
1296053483
1296082219
1297508753
1299953869
1301005169
1303345129
1304327621
1308627961
1308630299
1309553731
1309593797
1309777897
1310057053
1310409493
1310914327
1314366983
1314586751
1315523263
1315565843
1316086523
1316490191
1316679437
1318376929
1319015963
1319357393
1319944511
1320413537
1321103747
1322123039
1322191463
1323656959
1325656349
1327897799
1329345373
1329482659
1333500143
1335009593
1337708627
1338598603
1339761161
1341469229
1341856963
1342149533
1343805643
1346967233
1347009757
1347762323
1348773253
1348823587
1349256127
1351427599
1351788833
1351798099
1351913149
1352018191
1352029879
1352749751
1353078613
1354613021
1355094589
1355166359
1355238047
1356559121
1357495457
1357545589
1357794161
1358620969
1359197947
1361095811
1361597411
1361774467
1362037837
1363958983
1364331433
1364424091
1365895229
1366025737
1367248507
1367327279
1369531717
1370103479
1371070639
1371604979
1372713053
1372779389
1373696059
1374035197
1374142661
1375631651
1376143919
1377064397
1377788557
1379703713
1380915149
1382197319
1383815767
1388655871
1389025567
1389107549
1390183031
1390304389
1391264297
1393130341
1393319209
1393349603
1394085857
1394390827
1395945553
1396646239
1397177531
1397917511
1398638261
1399641953
1399695091
1400296631
1402322641
1404774797
1406909059
1410266237
1411768511
1412275519
1412307097
1413216037
1415751973
1416561161
1417556467
1418400707
1419161879
1419648983
1419881297
1419907417
1420888979
1421918269
1423018837
1424536787
1427412199
1427506571
1428157373
1428178621
1429591699
1430474107
1431115181
1431936749
1432306231
1434231349
1434729251
1437130823
1437331403
1438492477
1439593613
1440315991
1442265701
1443061237
1443266311
1445633851
1447405303
1447936657
1449038419
1449597041
1450776389
1451757427
1452180959
1452618157
1454025253
1454789837
1454819719
1456335557
1456567537
1457866831
1458754301
1461219367
1461639409
1462649297
1464215173
1464693721
1464923381
1465508027
1466763401
1470138029
1471706627
1472010901
1472647951
1474337239
1474783811
1477887739
1478303747
1478522581
1479969371
1480909187
1481339891
1483418647
1485517853
1488319879
1488824171
1489289239
1490040067
1491785791
1491930821
1492612601
1494553597
1496242481
1496435851
1499779031
1501062853
1502947711
1504457281
1508086733
1508548273
1508602811
1514524639
1515288253
1515932149
1517492623
1518231707
1518514549
1518571001
1518794131
1519905559
1520189953
1520371159
1523226259
1523710219
1524534577
1524969119
1526520449
1527728537
1528633783
1529852231
1530162379
1531425853
1532512847
1535344367
1536468259
1536624787
1537267087
1537424701
1537846259
1538409269
1541119381
1542248341
1544164493
1544981839
1545074981
1545818251
1546926649
1547053973
1548798019
1550479181
1550674547
1550677351
1552790947
1555069507
1555503011
1556007533
1557540889
1562500171
1565362961
1565451143
1566038797
1566276641
1567005529
1567713607
1568994143
1569861707
1571018923
1571653249
1574963921
1575831979
1575969047
1576206991
1576345853
1576469773
1580006521
1581633139
1582818707
1583125591
1584516487
1586476169
1591634827
1592471789
1593087253
1594922401
1595199943
1595346937
1595767049
1598547143
1601048833
1601131069
1601694293
1602866117
1602989851
1603246553
1603449457
1604259031
1605441011
1605663091
1606459343
1607188097
1609422917
1610473331
1610512399
1613066519
1613209253
1614068119
1615264523
1616583053
1618685767
1619455021
1619615843
1623087887
1623607487
1625940581
1626868319
1627937929
1629686473
1631262949
1632083857
1633866287
1634605447
1637546951
1639003117
1640191727
1640978167
1643145059
1644334421
1645754311
1645911329
1645968959
1646663191
1646995457
1647262759
1648518653
1648586887
1649447417
1650860473
1651056419
1652900933
1653675797
1655977489
1656457553
1656858583
1656894737
1659741997
1660774039
1661853517
1662593137
1665716033
1665854669
1673527729
1674416351
1674910711
1675125631
1677751303
1679833343
1682695661
1682843963
1684034621
1684046569
1685058689
1685204771
1685689729
1686781139
1687359209
1688597987
1689278233
1689377821
1692595577
1692908183
1693162579
1693894051
1694757629
1695493493
1698192877
1699783783
1699864951
1704625621
1705433459
1707987167
1709146553
1710659227
1710885731
1712071783
1712087581
1714016683
1714375097
1715301583
1715711483
1715916803
1716905689
1722263573
1722398477
1722993029
1723157831
1723851763
1725329693
1725983443
1728984997
1731745523
1732415831
1732605601
1733192231
1734051541
1734844687
1734890533
1736137439
1736310109
1737307007
1737882121
1738447033
1738629007
1739222701
1739583179
1739772407
1741517123
1742511857
1742722087
1747351709
1749300361
1749537833
1751300897
1752631943
1752705329
1752924683
1753029097
1753922411
1754317589
1754473577
1754728849
1756169033
1757344301
1757742097
1758646529
1758674201
1759203631
1759772639
1761667393
1761862171
1764046093
1767161999
1768806917
1769293811
1771128367
1773764227
1774056413
1774097167
1774578763
1777030421
1778700433
1779046823
1779568447
1785133963
1785611701
1785931417
1786347929
1786530671
1787723261
1791371809
1792702969
1792828463
1793079007
1794457003
1794519127
1797882871
1798909967
1799754457
1799874781
1801073839
1803464609
1803918271
1805431673
1807587811
1808088973
1812864197
1814106457
1816213351
1816404721
1816804243
1819702531
1820293693
1820990161
1821724507
1821900427
1822917823
1823082913
1824172157
1825931911
1826143061
1827702347
1828506679
1829201713
1829256701
1830640001
1833107281
1834086563
1834997191
1835132869
1835674261
1836243901
1837086787
1837175323
1839336379
1843610623
1843888381
1846050667
1848946951
1848967829
1850918071
1850958859
1852133939
1852462993
1856167681
1856216101
1856453021
1858552561
1859691503
1860347497
1861012393
1861027879
1864020713
1871695537
1871823391
1873757647
1874117171
1874783479
1876110757
1876646363
1876690457
1877381851
1877480641
1877541713
1877558953
1880542529
1880565521
1882097873
1882142839
1884242861
1885333739
1889383571
1889481787
1890865049
1892791421
1893201487
1893453209
1895701711
1895962067
1897828033
1900679813
1900765987
1901829469
1906401221
1907667731
1908573983
1909049477
1910921741
1911618437
1913032829
1913398181
1916474561
1916561243
1917267367
1917291559
1917968831
1919111081
1919761043
1919832527
1920588407
1920740167
1921194647
1922938327
1923041149
1925447807
1928214187
1928473919
1930066289
1931536421
1932523139
1933814581
1937505701
1937617361
1947061261
1948695121
1948735093
1949153593
1949250131
1951111397
1954733047
1955287993
1956128917
1958915279
1960373671
1960643501
1962914749
1964415071
1965097117
1965343691
1965355883
1965487703
1966078973
1967418533
1967700803
1968273803
1968498299
1968689587
1969798949
1970710319
1973272439
1973705147
1974240361
1974301447
1974670591
1974772697
1978079771
1979780987
1983194263
1984249511
1985033069
1988561647
1989648439
1989943933
1990845851
1991300713
1992193523
1992670109
1994947607
1996232977
1997951861
2001152353
2002589087
2002636369
2003267863
2004284797
2005022477
2005522427
2006567083
2007521843
2008393711
2009624219
2010643759
2013015533
2013171287
2013386311
2014563259
2014949843
2016496849
2016620269
2017537199
2017839377
2019353627
2019953239
2021571647
2021572331
2024372929
2025472159
2025751621
2027210429
2029355897
2029363249
2029461023
2029690493
2030269543
2030764753
2030838349
2033174879
2033892143
2035521193
2037637271
2038556423
2042949707
2045489227
2046334811
2046704603
2046806371
2047644719
2047924451
2048446819
2048581939
2049213323
2050120687
2051913883
2055163951
2063691209
2063758607
2064555817
2064939271
2067861121
2068325813
2070169267
2071405111
2074330129
2075942959
2077428503
2077804297
2078348561
2079353917
2079542287
2079871049
2081378441
2081976487
2084245157
2086106401
2087741191
2089123441
2090751181
2098213363
2098528673
2100325211
2100652663
2100852991
2102994253
2104435769
2105128709
2106834991
2107887713
2108977861
2111682997
2111920519
2112456469
2112849181
2116122443
2117769349
2119257727
2119641877
2121493333
2123088343
2124743189
2129165263
2130047653
2130167873
2131620637
2133355649
2133805601
2134611971
2134853341
2136004333
2138619463
2139642767
2139717739
2142031231
2142375097
2142918433
2143877887
2144286769
2144403733
2145584471
2146823449
2147024189
2147293903
2148280663
2149875503
2153004397
2153745733
2154242899
2156156491
2157076447
2157180533
2159363389
2159758369
2161850987
2162280299
2163620467
2168860363
2169705569
2170543363
2172582101
2174382731
2175346093
2176427569
2177042251
2179459577
2185014493
2186069987
2186724719
2189543221
2190300611
2191175813
2191290307
2192039393
2192363153
2192489623
2192579593
2194335331
2195207627
2196052301
2196370837
2196510269
2196598097
2197271977
2197560817
2201822237
2202192667
2203260847
2203801777
2206520909
2207892341
2209624831
2214079279
2215670879
2219702519
2220553823
2221285303
2222607671
2225268811
2228012177
2229404299
2230893433
2232255307
2232712351
2233754599
2234088403
2236439021
2237623937
2239392481
2241962491
2242287851
2245263299
2246562497
2246977897
2247793693
2247991831
2249696249
2251622381
2252270747
2252795473
2256289423
2256527939
2257535263
2260993687
2261947123
2262175127
2263151899
2263954531
2269566041
2271277699
2275547819
2278162613
2278599053
2279063783
2279358071
2282154029
2286541087
2288109683
2290142851
2292890879
2295651511
2297333543
2299118293
2300428261
2301448291
2302186897
2302190563
2303235343
2303815991
2305820171
2307865759
2309669969
2311145659
2317129153
2317671407
2321185943
2322400103
2323643983
2324319139
2325154067
2325480317
2326332289
2328755603
2332631393
2337220441
2339089387
2339707537
2340143539
2346851699
2347139089
2351037449
2354616647
2356539331
2357733713
2362141723
2362786541
2363322079
2365067053
2365741993
2366619551
2369758453
2372697377
2373383417
2374578127
2377322669
2377580659
2378393587
2378422441
2379412433
2380692557
2380746161
2382937847
2385282217
2386179043
2386571597
2388542353
2389560661
2392111217
2392979591
2394596329
2394798493
2395283729
2395595281
2397039059
2400647881
2403389951
2405315741
2406971093
2407141307
2409200117
2411462579
2411491727
2411581379
2411920039
2417488889
2417547263
2418196537
2418306167
2418356989
2418746801
2419629439
2420215531
2421050377
2421203683
2423088961
2425482289
2425750627
2429638553
2432547947
2440991551
2446155253
2448790207
2449593551
2451356483
2451666517
2454537053
2455085441
2456015929
2459330389
2462001701
2462807141
2464129201
2468716001
2472793121
2479462421
2481397811
2483031641
2484187039
2486959201
2487793843
2488213771
2492563999
2492703419
2494423489
2503906681
2504256479
2508147233
2510056957
2510234929
2510535901
2512415167
2512472063
2512793323
2513471269
2514764243
2515363603
2516057099
2516185669
2518785487
2518971167
2520474727
2522254937
2524482661
2525834131
2528626663
2530246151
2531863049
2531878061
2532529189
2533345123
2533872673
2534589697
2535530003
2540297699
2541883139
2542097093
2544165809
2544481201
2547439777
2548405697
2549078347
2549232317
2550238331
2552403121
2554441037
2560046459
2564619691
2565367037
2565437201
2565514097
2566960153
2567009567
2567573993
2567930791
2569738079
2576759747
2579728127
2579898961
2580774431
2580828031
2581994029
2582957357
2588875589
2589213167
2589259853
2592965759
2595246089
2595445637
2596137769
2597332883
2597928517
2599002709
2600428367
2601932381
2602180993
2604412303
2604463093
2607844861
2608129063
2609678909
2609898601
2612812421
2614811713
2614945657
2616225511
2617001419
2619719857
2621828591
2623238077
2623998389
2625029219
2627838233
2632300667
2634945119
2635373509
2635444727
2635480217
2643018107
2645537413
2645930849
2647212247
2647684441
2648313677
2649069221
2651645197
2651739707
2651807423
2652135797
2659571153
2661442417
2665106533
2665772807
2666220013
2667137413
2670113371
2678782681
2680247893
2680342877
2681502419
2685126541
2685196771
2686343119
2686630439
2686831369
2689834699
2690544331
2691869107
2698030087
2698881557
2699210911
2699523019
2705890267
2706245489
2716681801
2717091191
2717250071
2718150713
2718557399
2718598217
2718876443
2720893561
2722052609
2724739201
2727765101
2731655599
2731964423
2733886361
2735774407
2738756107
2739416657
2739604169
2744190233
2744908601
2745140791
2747491883
2747908103
2747972027
2748158857
2755078609
2755190897
2756292479
2758923161
2760301853
2760511753
2760984857
2761154509
2761527799
2763532103
2766899717
2767104827
2768320883
2769555319
2769682667
2771175581
2771927519
2774457211
2775043301
2775081163
2776612103
2777772961
2777857781
2781143419
2783965889
2784370709
2785231013
2787686831
2789824313
2792132573
2794013923
2797519607
2801160059
2801746867
2803056479
2803527073
2804542673
2813481533
2813546753
2818199819
2822567149
2822760329
2824085723
2824312483
2826078427
2826764477
2827558999
2828398039
2830391749
2832559883
2838795403
2842271057
2843014831
2846218619
2848309001
2850488009
2853016039
2854770943
2855131753
2855674669
2858376919
2859567917
2861799659
2866277507
2866321043
2867025853
2874477763
2876427097
2877724397
2879595751
2883794377
2884898143
2885627581
2891055227
2892433927
2893018313
2893165151
2894662487
2895885169
2898894637
2900317547
2905118647
2906534401
2907052157
2910820687
2915634941
2916058757
2920088081
2922155419
2927797867
2928239759
2928759451
2929946479
2932646891
2933669737
2934135419
2936714009
2938394203
2939066261
2941497883
2942363311
2943893159
2945169169
2945539669
2948633669
2951691247
2953700063
2953871507
2958415237
2961682567
2963768047
2965093961
2967113537
2967232123
2969169563
2970963733
2972884891
2976522473
2977594069
2979258067
2982728009
2983877651
2983937051
2984832259
2985662051
2987512069
2990638229
2991196079
2992166783
2992346549
2992895039
2993681209
2993950789
2994192937
2997312961
2997947599
2998789091
3001901849
3007879639
3008972167
3009897851
3013003577
3013952849
3015945529
3016373561
3016429499
3017718169
3018039487
3019868837
3020380357
3020710753
3021326563
3022346279
3023972137
3027078403
3027456709
3029146273
3029868547
3031268741
3033266983
3034358413
3036714757
3036739093
3038344951
3038668709
3038942029
3040755593
3041428939
3041923141
3041953949
3042134573
3042146161
3043245451
3047519357
3050181443
3056834659
3063431299
3065088217
3068477437
3069070601
3069090979
3070147783
3070609193
3070988689
3071838437
3072826817
3074238803
3076375927
3076558619
3076936069
3079088897
3079755727
3086532307
3086579029
3088026049
3089245919
3089392363
3089629483
3089639783
3092577827
3093141929
3094729273
3095581259
3098832857
3101751179
3103308539
3104732171
3106203053
3107778409
3111163039
3112260421
3112603073
3113036467
3114286261
3115806899
3125566097
3125684171
3125845081
3130149707
3131617381
3131685019
3134111573
3138509581
3141356807
3141417221
3141489941
3146210747
3147448019
3153250691
3153270149
3153354143
3153588917
3154542883
3154985077
3156217283
3158393809
3160923473
3163278889
3163529071
3165401293
3165745519
3165912263
3168458257
3172300717
3173618983
3174117347
3174873781
3175671857
3179269123
3180033421
3184513517
3184674371
3185463317
3188783599
3190434787
3191124203
3193499107
3194355691
3194538751
3201638227
3202040549
3205597391
3205722479
3211226503
3212367881
3215472947
3221052749
3221740177
3222505751
3222570551
3224145059
3224461151
3229249487
3229527559
3229815709
3230572333
3230599121
3232002677
3232114309
3232596317
3233426093
3236943767
3237181009
3238624349
3240387919
3243597311
3244500559
3244516501
3246286873
3247373797
3247479959
3252960629
3257027693
3258057371
3258322741
3259258741
3260266129
3260556059
3260644789
3261436693
3262267807
3263279207
3266691719
3271616141
3275404819
3280566089
3283316611
3284687383
3285282383
3286452907
3287068793
3290478119
3292076999
3296704339
3299419339
3299667149
3299919247
3301187437
3302192749
3303885763
3309724553
3314297047
3315758107
3315909341
3316154411
3320246609
3322320611
3322819273
3329887129
3332920061
3333914531
3338127581
3343081961
3345094693
3345300877
3351073171
3353144827
3355359341
3355845839
3357263009
3365240693
3366814277
3367452709
3368740541
3370193093
3372703111
3374569339
3375371827
3379831649
3381973531
3382832351
3384449741
3385273993
3385572313
3389111587
3391858843
3393236251
3394113377
3394147039
3394779811
3400514431
3404377147
3405630583
3411261977
3412569253
3416283751
3416437231
3417872879
3418756937
3422196377
3423732241
3423877307
3427458157
3432430919
3433843591
3442342483
3443569849
3445703843
3457015351
3465740611
3468420547
3469501603
3469705013
3470013707
3479482423
3481402151
3489246109
3489495887
3490438981
3496903789
3500281177
3500809399
3503172811
3503392927
3504080119
3505457677
3505539259
3507689077
3507961867
3513285049
3513507247
3513635057
3515766629
3520612787
3523397879
3523948511
3524867389
3525669493
3525895027
3534871843
3535379587
3536567747
3538208161
3540762523
3541044277
3550566469
3551793103
3556151317
3562561369
3564591223
3564740981
3565034443
3572043887
3572726191
3573228587
3577753379
3579242899
3584834543
3591743677
3594640213
3595082143
3597220381
3598698989
3598742341
3599525911
3603450959
3606738901
3609912587
3610764139
3612333763
3614440631
3616087987
3618734381
3622746973
3623385371
3630059947
3630393743
3630533503
3630751001
3634302481
3634594321
3634651109
3635953397
3642078991
3643125383
3644326157
3645456313
3647280029
3649709101
3653960179
3656691671
3657443203
3659262479
3661603591
3664514947
3667047887
3669598013
3672765553
3675180499
3677836573
3680217067
3680508089
3681290539
3682421999
3691150877
3692626799
3694356541
3697596263
3702021469
3703947491
3703948489
3712217269
3712657583
3715166591
3715594769
3718753559
3719881481
3721065619
3721528229
3723722371
3723881251
3726290903
3730423733
3732181573
3734724667
3736300727
3739305161
3739309027
3740289349
3746708899
3752750269
3754257673
3756413161
3757610503
3759374783
3760716257
3760918573
3762368927
3763177393
3763805173
3770826833
3771061183
3771188483
3772945669
3773881687
3780423989
3781988239
3782764829
3782978471
3786934421
3789228977
3791216333
3792151907
3795314671
3795995471
3797050909
3798958957
3799442083
3803644853
3805541651
3807071539
3813385397
3817856479
3822744209
3825581597
3826184377
3827162447
3830498129
3830661157
3832526611
3834137341
3836361707
3836652331
3837619073
3839105617
3843821983
3849280033
3863876143
3866171893
3867876097
3869031109
3869627299
3871036891
3874794499
3874911659
3877824571
3882111791
3882428651
3883120607
3885278909
3885526651
3886472651
3886565411
3888842291
3889108103
3890376629
3890837833
3891721783
3895092917
3897636887
3901526003
3903015121
3908774141
3910465927
3910845907
3914241187
3915682721
3916401233
3917817641
3918485443
3919581551
3921855757
3926474221
3927102887
3928949177
3931486639
3932545523
3933396767
3937472081
3942592847
3947408063
3949652411
3954929689
3960701909
3961233173
3962869759
3964651403
3964872827
3966282787
3968060501
3968693569
3973099829
3973231487
3973557821
3974830553
3975634681
3981267119
3981442459
3985351781
3987152677
3989337161
3993770051
3994868677
3995752837
3997260823
3997500379
3999263329
4005748897
4008011453
4013693633
4018435219
4019964461
4021378171
4024828403
4026816823
4027377037
4028139499
4037016119
4037335829
4042455961
4046128357
4047568519
4047858119
4053247417
4055777707
4057126877
4058460661
4065427189
4070390227
4072353683
4074938941
4076335771
4079894017
4083702121
4087952977
4088772761
4093967959
4094072683
4094341219
4095375913
4098433007
4100849917
4102102457
4104256669
4111373107
4113475123
4116019499
4118102063
4118294711
4120134797
4120671677
4122270071
4126229227
4137166763
4137170449
4147581049
4148454493
4149749537
4151257073
4155638639
4158961831
4161020803
4161259799
4161494063
4163348491
4166108143
4167797717
4167800083
4179012427
4185797809
4191741991
4191764257
4197952543
4200003923
4203942557
4212360041
4212684709
4212721621
4213353103
4220882543
4222237069
4229760419
4232184053
4236294679
4237121761
4238572843
4241593351
4246582237
4249207229
4250676707
4250779697
4251409121
4256434969
4256730209
4261012633
4276231217
4278867913
4280668237
4283003653
4284654887
4292438809
4293713629
4300627249
4301369419
4303983973
4307371217
4308857593
4311071603
4312148149
4313804861
4315002463
4316090489
4319445743
4320738161
4323148441
4332463897
4333883347
4335728531
4339365703
4340370689
4344250733
4345188863
4356512401
4363829609
4366302653
4366871279
4371444997
4373875747
4376300219
4381609889
4383403093
4383833191
4395437413
4397901653
4405112623
4410702181
4411884187
4412115163
4420379099
4421236783
4423222703
4426904663
4429799509
4441333931
4443950431
4444169593
4447177991
4447383121
4452613589
4454816329
4455985543
4456059121
4457015287
4458483493
4461537781
4462166483
4462407563
4463819377
4464197431
4465462619
4466532023
4467144491
4474698223
4478437267
4479871741
4488476977
4498295309
4499855797
4502404453
4503085661
4510902661
4511314673
4511339533
4511686891
4511736157
4513442827
4514844493
4516122463
4517478601
4517928209
4520397737
4535955269
4536452497
4536577121
4537529141
4539265463
4540324381
4541958479
4546062713
4546998683
4547423017
4547871697
4551702437
4554193559
4568035877
4571933089
4576500673
4577695373
4587579797
4595488783
4597009691
4597061299
4602538693
4605622577
4609863233
4611727187
4612043987
4615205653
4618092209
4618944359
4621449191
4624925153
4625974963
4637995489
4639264127
4648400849
4653507851
4655660771
4656202751
4656755981
4663748777
4673433539
4673898899
4674532207
4676283613
4681540579
4681588931
4681692149
4683353383
4689541877
4690465079
4691286179
4694195789
4696657447
4698264569
4702224049
4702722293
4703913661
4709288713
4712600771
4715937253
4724981741
4725235447
4727454811
4730274931
4731276271
4732721527
4735347839
4738290979
4745504303
4747268759
4747446101
4747885993
4748933807
4755409691
4755450107
4759963393
4766188957
4767007703
4768299499
4769468279
4769606293
4774589749
4775493761
4778908361
4782980399
4793240087
4794607397
4796083889
4796323151
4802758739
4806292291
4807235959
4808538857
4808620109
4818471809
4825062469
4826646961
4827025597
4827282289
4829569079
4836320917
4836698693
4842930307
4845307991
4847328727
4847653043
4848129397
4850319403
4856356277
4863614491
4868086309
4872548563
4873450217
4874669411
4876334233
4876904111
4876922777
4877348299
4882569437
4886067763
4886420183
4888055147
4888061567
4889340923
4891186211
4893135371
4894423241
4897877417
4898979887
4899204851
4904741603
4907849003
4911149483
4918635571
4918804543
4919347717
4921023343
4940764373
4942142537
4942649711
4951998151
4955924383
4957136813
4959846893
4964062111
4968145621
4968365921
4979353241
4983661849
4984576043
4991712769
4994046553
5002257263
5002711291
5005220879
5006626333
5007496517
5007644771
5009728007
5012945257
5013478229
5016511519
5018869469
5020371193
5022398159
5023133833
5032876033
5033665501
5038119791
5040353293
5041858009
5044388849
5047203659
5048976733
5051221453
5051506729
5052365837
5055617209
5055676159
5055883097
5057643319
5057754523
5061438197
5065859969
5079410857
5080819571
5081622389
5087650559
5088793819
5088893191
5090851823
5094274909
5095956233
5103510337
5111017123
5111557393
5113495901
5119992677
5120329439
5120924269
5122796513
5127415157
5128836523
5129201149
5130066757
5131027777
5131071713
5134578367
5136563273
5137213769
5138282497
5140772513
5150290253
5151255497
5157368917
5157909439
5161126063
5164574561
5173093909
5175741107
5176441363
5180525263
5184536333
5184590903
5185729291
5192711021
5193385567
5193889819
5197385177
5198066287
5201856581
5204562541
5214151043
5216925463
5218302319
5219426969
5229323563
5230018169
5234060981
5236341941
5238059791
5241613693
5246556307
5247195311
5247656123
5251420259
5258296619
5262562499
5270502067
5276360231
5281688021
5281861027
5288516117
5290248133
5292125681
5296383679
5296644251
5302499459
5306873213
5309618311
5310054559
5312710037
5319562709
5322834007
5331031661
5331672259
5332095149
5333799803
5338054243
5340035383
5349044993
5349675049
5352315973
5352394247
5352801893
5356193221
5357101933
5359336837
5360091631
5363569297
5365162289
5366758861
5375702009
5381510273
5382621593
5386311779
5394238657
5394272801
5394633913
5397634909
5401976467
5404257979
5404698437
5405729057
5410659701
5413243481
5414303621
5419575769
5419581751
5420750471
5423723999
5424850663
5439135451
5444162851
5452433653
5456446507
5459686517
5464353383
5464654331
5467638853
5473982249
5474142367
5474274931
5480451377
5481347029
5483061161
5489182577
5490471967
5500215767
5512365601
5517161621
5520506059
5521179247
5527374133
5530963351
5532095227
5537184403
5538473939
5539241033
5542714477
5544588349
5554449269
5555599967
5563436323
5564880067
5565767243
5566904491
5572590971
5575513777
5577293957
5578470011
5578478159
5579518393
5586855751
5594358269
5597285861
5604187483
5604538727
5613338873
5616709303
5627099449
5629859101
5631514183
5649717461
5652921881
5654680979
5656074673
5667094739
5670025093
5672024339
5677471621
5679280907
5680406533
5687638991
5697845717
5706890671
5709163441
5709816319
5711078467
5713397399
5716587089
5719141679
5720719273
5721919033
5727541681
5734515287
5734890769
5742844517
5747341727
5749481963
5754736709
5755007053
5759754733
5761072033
5761724789
5765031439
5771099077
5774702327
5790002671
5791654829
5792788909
5796853421
5799259849
5801727541
5805126179
5807077259
5807496833
5814004613
5816397929
5822918887
5826260813
5827985953
5836184791
5839391279
5839778617
5839805651
5842677059
5848834417
5850317479
5850650017
5854176949
5862188063
5863163441
5869033363
5874057307
5878409489
5881711351
5884681459
5884901041
5885842841
5887515433
5887808461
5890975691
5892605123
5897762539
5900235037
5902355863
5907518821
5907692149
5908218313
5918747077
5918895947
5922501931
5927908333
5938178843
5949891371
5955029963
5959476883
5970140327
5973436451
5987772611
5992241987
5992810177
6007481339
6009273643
6011512357
6014115361
6015719627
6015772823
6017567093
6020853281
6021203893
6025588721
6025830407
6032477093
6037898441
6049914359
6051161093
6052612471
6054513293
6063741899
6066425447
6068322439
6081610571
6082059647
6084420599
6096600119
6100900529
6112373143
6115914359
6118315901
6134856227
6140312963
6140695087
6140895463
6141628561
6145526279
6146107313
6158488229
6165551297
6166075001
6170804921
6176225267
6176640109
6179083663
6189280441
6195054737
6206111453
6209431351
6213472229
6220095143
6221202209
6224814107
6230849237
6253642999
6258673429
6261564961
6264033773
6264485309
6265141247
6284309443
6300720053
6304276687
6304404907
6304703261
6311909899
6312505207
6315704713
6318661513
6321031163
6322213511
6324423647
6324693673
6339405269
6339936049
6345834731
6351403001
6363952717
6365001187
6368353109
6370614461
6375415897
6377872727
6381271187
6382194067
6384447973
6388202701
6391525291
6394841357
6400572173
6405795247
6406992871
6421805311
6424348223
6428308441
6441595957
6441703309
6445695587
6447775121
6448187887
6454018939
6456636323
6463244869
6469346489
6476601379
6484860323
6494486783
6498431777
6498557119
6500373899
6507214139
6516120007
6520004279
6520223221
6523294363
6528137879
6538627793
6547068733
6548172623
6551329087
6570632093
6582739187
6595701163
6600977501
6609029807
6614065399
6624981371
6628839541
6633682067
6638307391
6638541431
6648055763
6650086981
6651589717
6653499947
6667742197
6668210119
6669120259
6676472783
6690369359
6691555051
6702927377
6706963633
6723831073
6735824587
6737593507
6737761213
6740383621
6741684343
6742620133
6748934947
6750264371
6754890997
6756598169
6766860953
6771640313
6772047109
6779983159
6785106127
6788103209
6788990129
6794488517
6796533781
6796811603
6798287117
6799876543
6801695077
6804027389
6826481983
6827540233
6848988301
6857862541
6862277683
6891616933
6892019971
6892097717
6893474701
6898049201
6898837567
6916578041
6926801533
6932625137
6942499583
6944613331
6951055973
6954545233
6959157299
6968890021
6970006283
6981715859
6982348363
6983693429
6984026183
6991474837
6995962087
7003218191
7009302203
7009662773
7010076053
7015095023
7015292191
7017648961
7019308321
7040318573
7045417501
7048727531
7052426723
7058347721
7063444343
7066338749
7067126519
7076767171
7078645303
7081358717
7081768093
7099264147
7101197749
7103316599
7124133001
7124341319
7132803581
7134883139
7135741883
7136034209
7148125799
7154307493
7156675957
7157713567
7158800431
7175676329
7184604853
7186818757
7193566931
7194752167
7208322427
7209033749
7213492459
7213707521
7213937417
7217580647
7222691563
7224370991
7225218911
7225565381
7226298731
7240643951
7241793991
7261630213
7262341871
7276387691
7290999577
7300363537
7301883517
7303297399
7306703881
7315366337
7323195923
7324291241
7325754343
7341904259
7347293651
7350730229
7361198483
7364201309
7368281773
7368440411
7388592709
7389849479
7390365863
7390976129
7399533653
7401737689
7414752913
7415576827
7425080779
7427677667
7430058551
7432867103
7439432681
7439470813
7439807899
7451760541
7452969767
7464391031
7466983789
7476071293
7477333343
7481786993
7501330729
7506037849
7510505113
7515340087
7515834211
7537938797
7538764693
7551827281
7555947661
7556941313
7561477123
7575949657
7581375289
7582679417
7597215421
7597715077
7600368179
7600667713
7606294253
7606499203
7612295279
7619007601
7619611459
7632482083
7635674929
7642349471
7663747723
7664052023
7684227223
7711580717
7713594853
7719205553
7746019573
7753316873
7759732237
7783933063
7785939493
7787989171
7790173409
7792837361
7798634861
7805667187
7808550329
7812527909
7819712387
7839069929
7841322149
7848910967
7851598151
7853491889
7854038329
7854410611
7878153461
7887401659
7889179787
7892156053
7902818291
7905937021
7909787219
7912909093
7928505583
7929079927
7947380561
7982418011
7983089767
7988556083
7990506457
7998838157
8002219727
8003968391
8017700851
8018632759
8025314833
8029592531
8029600477
8054465357
8060547827
8065617277
8098081241
8109421819
8110408253
8112375811
8129737403
8158594307
8171861441
8174739481
8177830091
8183580311
8204946559
8213845061
8215279481
8227187261
8232993203
8234741587
8239882891
8254644977
8256120073
8267395727
8276600159
8281831489
8294006041
8328837757
8346851173
8361692771
8372346163
8372419553
8399480021
8401027049
8405058287
8422300127
8429051563
8441210881
8446653689
8468897587
8469641107
8474892557
8479074371
8487406897
8490792433
8497336063
8503066609
8504715097
8519048801
8531453327
8531754397
8573457173
8578569119
8592468589
8623806853
8630929487
8631618967
8657745673
8664587797
8668382951
8671066163
8673729671
8677946087
8679178309
8681217187
8691496837
8714361197
8716422361
8718597103
8721204199
8736705371
8755368007
8762498939
8765323961
8777922869
8826796169
8834990303
8839120687
8839805669
8845949641
8889046303
8938189957
8941961047
8943824179
8946132917
8950066289
8956172413
8975161303
8985686881
8999460203
9004137367
9010331927
9010760081
9013016821
9015495677
9017005871
9030812839
9031531637
9037615189
9050055629
9092377747
9095227637
9116558603
9143628181
9167846507
9184838389
9208182887
9210020557
9230608811
9242217833
9291916537
9313860613
9352586963
9417121507
9429756751
9436028137
9437038333
9445954283
9452360947
9471270161
9488870021
9499414693
9505799507
9506810059
9516041659
9527474573
9607829459
9623203829
9637411081
9653515511
9672891289
9672978853
9676620419
9684348059
9720340213
9720782341
9812166191
9819922991
9827099053
9886657987
9905952223
9937210579
9956193859
9982440529
9993048287
10014707033
10016156053
10084341227
10088626271
10162299887
10219231877
10367660209
10494037973
10621272811
10827025709
