111
115
118
119
122
123
129
133
134
141
142
143
145
146
155
158
159
161
166
177
178
185
187
194
201
202
203
205
206
209
213
214
217
218
219
221
226
235
237
247
249
253
259
262
265
267
274
278
287
291
295
298
299
301
302
305
309
314
319
321
323
326
327
329
334
335
339
341
346
355
358
365
371
377
381
382
386
391
393
395
398
407
411
413
415
417
422
427
437
445
446
453
458
469
473
481
482
485
489
493
497
501
502
511
514
515
519
526
527
533
535
537
538
542
543
545
551
553
554
559
562
565
566
573
579
581
583
586
589
591
611
614
622
623
626
629
633
634
635
649
655
662
667
669
671
674
679
681
687
689
694
695
697
698
699
703
706
707
713
717
718
723
731
737
745
749
755
758
766
767
771
778
779
789
791
793
794
799
802
803
807
813
815
817
818
831
835
838
842
843
849
851
866
869
871
878
886
889
893
895
898
899
901
905
913
914
917
921
922
923
926
933
934
939
943
949
951
955
958
959
973
974
979
982
993
995
998
1011
1042
1077
1177
1199
1202
1241
1267
1345
1371
1379
1393
1454
1457
1473
1509
1538
1569
1643
1649
1655
1673
1713
1717
1751
1803
1814
1841
1865
1941
1994
2005
2038
2095
2149
2157
2206
2219
2229
2307
2342
2435
2463
2474
2501
2519
2653
2785
2839
2933
2942
2973
2974
2978
2986
3113
3158
3166
3226
3349
3351
3385
3415
3418
3431
3455
3503
3653
3715
3754
3811
3839
3901
3903
3946
3963
3986
4034
4055
4061
4069
4097
4341
4381
4414
4426
4442
4474
4537
4589
4595
4619
4769
4834
4867
4882
4927
4939
4946
5007
5086
5137
5158
5199
5326
5327
5353
5367
5378
5411
5414
5433
5469
5473
5617
5721
5731
5758
5941
6081
6087
6107
6117
6178
6326
6387
6393
6434
6483
6595
6749
6773
6807
6839
6881
6887
6891
6922
7091
7123
7145
7167
7291
7391
7397
7435
7471
7522
7631
7697
7769
7779
7822
7969
7981
8013
8095
8146
8149
8187
8189
8193
8197
8223
8251
8327
8391
8409
8457
8503
8518
8546
8561
8782
8953
9003
9017
9031
9134
9179
9183
9194
9201
9242
9298
9407
9411
9446
9502
9509
9527
9565
9578
9627
9634
9663
9673
9713
9793
9914
10042
10183
10189
10895
11105
11189
11345
11653
11905
11906
12365
12881
13582
14474
15055
15293
15529
15563
15821
15869
15905
16327
16941
16945
17179
17197
17735
17843
18019
18151
18323
18337
18559
18827
18943
19099
19101
19473
19601
19633
19645
19771
20837
21151
21215
22521
22535
22577
22681
23097
23277
23317
23423
23935
24467
25133
25387
26615
27229
28369
28685
28801
29441
29477
29653
29809
30409
30479
30767
31261
31309
31571
31795
31927
33095
33979
34601
34829
35047
36605
36617
36811
37033
38297
38483
38719
40219
41029
41071
41623
42263
42877
43553
43619
44047
44143
44369
44437
45401
46033
46571
46609
46733
46753
46909
47239
47707
49013
49141
49319
49501
49589
50837
51007
51559
51571
52007
53219
53747
54143
54553
54643
54893
55067
56579
57979
58301
58333
59569
60553
60587
61249
62449
64079
64739
65491
65887
66481
66869
67327
68573
68837
68861
70897
71759
72061
73099
73991
74629
74983
74999
75839
75949
75977
76141
76663
77599
78587
78811
79921
80281
80663
81091
81481
82111
82249
82363
83017
83107
84641
85097
85553
85993
86189
86567
89333
89389
90361
91093
91489
92089
92903
93101
93299
93517
94021
94103
94123
94247
94267
94739
94859
94879
95807
95999
96983
97087
97781
97891
99637
100993
102353
103603
111017
111961
114703
117199
118487
120353
126073
126787
127999
131323
131741
135713
136363
137281
140219
142729
143393
146963
147809
151033
155321
160957
162311
164399
165119
167273
168439
168583
168613
171289
181681
185329
188077
193769
196349
198137
204647
204689
208717
211207
211709
222223
223673
229421
230903
234797
237773
238739
240827
242993
246847
260033
260591
261559
267779
276223
278339
279011
284821
287479
291427
292003
293819
294121
296501
299339
299581
302671
305687
308393
308677
317389
319003
330529
330929
332587
343793
345383
347777
351553
356633
362821
363553
365359
381397
384613
394921
395051
403099
408277
409363
409421
410503
412541
416893
422837
425617
428537
428803
430531
431113
431633
436763
438943
440149
440777
446653
447653
450061
450701
452471
453787
461107
464363
466981
473813
481189
484801
486467
492181
498569
499991
506981
512801
513011
514109
514331
514391
529469
531439
534991
540457
544253
553859
556489
563461
569743
572569
582193
584083
600671
604633
611431
639227
646363
653971
659201
665867
668123
689473
691351
694003
694153
701639
721001
722387
737993
740977
747163
748793
749867
753073
753443
762119
765239
768137
790147
790639
792343
795373
799129
802303
807743
808321
833519
841249
846467
847439
853631
859147
863207
864463
877139
881063
882971
889513
899443
901921
903977
924029
926759
926929
954791
969373
970523
975881
989627
1002089
1061387
1072391
1074139
1109683
1111093
1132121
1158163
1176677
1198921
1227593
1290689
1292719
1358971
1401581
1404493
1415389
1484863
1541887
1547269
1555903
1605161
1647913
1708093
1733323
1743061
1784999
1804343
1853653
1875647
1891121
1914109
1998551
2047931
2060959
2149963
2187701
2273473
2274781
2276347
2354783
2410087
2467529
2468857
2496617
2515501
2565961
2598313
2608691
2615323
2690729
2721073
2796601
2802629
2885231
2888099
2905909
2928857
2989193
3000079
3209533
3345343
3366227
3537353
3543929
3580729
3607883
3700841
3713111
3741263
3774371
3787559
3795101
3800411
3834107
3851569
3895537
3975899
3978383
3984989
3987059
3993937
4023377
4038077
4075789
4146041
4166179
4248577
4315391
4416169
4448597
4476221
4507343
4510031
4678441
4682801
4788649
4824761
4911553
4932919
4966153
4982239
4991321
5007451
5029439
5111959
5120389
5187307
5190557
5193079
5200303
5222389
5228281
5233457
5284901
5285261
5351539
5380259
5398273
5485049
5553707
5621431
5624809
5646149
5686027
5691397
5714693
5737681
5854973
5897077
6066167
6172613
6278861
6439907
6539773
6574621
6581383
6586159
6601181
6658259
6701011
6727309
6790423
6807959
6864989
6885169
7115623
7158793
7263923
7279289
7325911
7417183
7491037
7494853
7509373
7520299
7599931
7676351
7706687
7733987
7737623
7737649
7762159
7770419
7774643
7994209
8008591
8294557
8414071
8513903
8601751
8617247
8708659
8753677
8844359
8899769
8917751
8924557
8964589
8975567
9054613
9067271
9074759
9297877
9300769
9383971
9429527
9487847
9497309
9542231
9553331
9560381
9617453
9634939
9640681
9712061
9722099
9742441
9861737
9938447
10134389
10406923
10589609
10590641
10603049
10660189
10863191
11291971
11324141
11415311
11513737
11801441
11892607
12668093
13164421
13350893
13367741
13787287
14534521
15270371
15976003
16364851
17172541
17581523
17664077
18439171
18858451
18883747
18900283
19045753
19098467
19469677
21232619
21250927
23034173
23403689
23596843
23789713
24096353
24227453
24513043
24612629
24759491
25417121
26048299
26055143
26668199
26942743
28122167
28533679
29119417
29133283
29583049
30554297
30750833
31288739
31588853
32036497
32369849
32776453
32782931
33172861
33622661
33994913
34301341
34579817
34855753
34874261
35471867
36064037
36072683
36908423
37025557
37376069
37908203
38125181
38517683
38642053
38881789
40027649
40147123
40779527
40842443
41689201
41831191
42730789
43481539
44091893
44161321
44237639
44801429
45080429
45217111
45775841
46830547
47032627
47648719
47772917
48413711
48554543
49740989
50172953
51805379
51944083
52408417
52838909
53096723
53527321
53842027
55418557
55823107
58358891
58485617
59437031
59508299
60060179
60350057
61144957
61174297
61550809
62226407
62576153
62638601
62954207
62991143
63174689
63286837
64900327
65059583
65177251
65844347
66474619
66558491
67271917
67409761
67672273
67700989
68250263
68888003
69308207
69406901
70633873
70688837
73512731
73599233
73728773
73820231
74350273
74525351
74547833
74580893
75355879
75643717
76126651
76175093
76870303
77002733
77178637
78613027
78926377
79297069
79872601
80984279
81117871
81119761
81237463
81435733
81945821
81960079
82960109
83196731
83649589
83674597
84762863
84780961
84797861
85311427
85959859
86265713
86381819
87720251
87809417
87863947
87964363
88349159
89300161
89382103
89396707
89707561
90112549
90210641
91887247
94454749
96729937
97108307
97455377
98050451
98900047
99036011
99359653
102772697
103612361
104583511
111703513
114583181
115019153
120959393
122456911
123702973
126014167
127650539
127972903
130054567
131414693
135983077
138260471
138816329
142126447
142744373
147088391
147267221
147506081
149586347
150591421
153339749
155057453
160824541
164136029
170171851
185135897
187338559
193252207
194437877
196199543
205458961
208120933
208859549
212345899
213739909
221108473
221911117
224802559
238568521
242585731
243009233
244066049
244193189
245192551
251795189
258069029
258473641
259802017
265891723
267987883
269863637
275553337
281356037
284496697
303019987
321362039
322368083
328887919
337793597
339191197
345279863
346470329
351016943
351736829
362485619
365351417
367067069
370192909
370747451
377640457
380383013
381625273
384063871
384982033
386961643
394304741
394997879
399187337
403682393
405760813
417053083
426898063
428822549
440256911
446331163
447022889
449844709
456160823
456444721
469600939
473560973
476141591
477813253
482210087
482389889
483707197
490134419
491861263
496532329
497176759
498128161
499189013
513626437
528674233
529602433
530595707
536413219
540437269
545909087
560633369
565621493
571077349
572247541
582517769
585269341
585752617
586848071
588190459
589860853
590358343
592101571
593014781
599813273
607432993
609093781
609957983
610892411
612559019
616147381
618449471
622500521
622740439
625262689
629882507
633615623
634385627
649255291
652597493
656125703
657314753
661879259
676880779
678773131
679809869
684291053
684337301
687478721
691064593
692736463
698154161
706562651
706673299
714517421
717204671
723674023
725867209
725942047
726786019
731975641
742250497
747281429
754526371
758655221
763387633
772310333
782819017
796303537
820906447
823052233
823361531
833123689
833314697
845598007
850833947
867018091
880125661
885955141
886333181
891569801
894412369
897345781
904809743
913196351
916969213
930628849
930640267
930762067
931873429
935547499
940476373
943458553
944801269
946221079
960248479
968415031
994501733
1007610371
1030194721
1036514009
1038057637
1048599983
1051257049
1061138329
1062219101
1074073519
1103833909
1154801927
1159176079
1228641191
1231822927
1245818381
1249725871
1293168113
1299490879
1307272051
1318023137
1341179831
1359677777
1362833663
1384839061
1418760559
1432853623
1451396953
1456025729
1458545167
1480805693
1509959699
1523471083
1528013251
1541994217
1554226831
1561210381
1645637479
1649311619
1658528819
1666791941
1684905253
1710712181
1758669307
1792728893
1795123163
1810846589
1839558107
1841981279
1866715943
1871373487
1887359753
1900061881
1908157259
1910551241
1961248021
1968210091
1988774429
1989213659
2019794551
2115731707
2116444703
2200690997
2215110589
2215235683
2234154973
2244080533
2257671839
2264979677
2272001647
2273489321
2276939771
2288003819
2288372599
2291063501
2351526641
2353327519
2416052581
2428092827
2431077787
2459472557
2464080733
2510131391
2533145789
2612945207
2628153487
2723727443
2770365659
2796970261
2837801819
2839362061
2874165319
2918850383
2948582033
3003288863
3027284233
3028395191
3045039227
3068436197
3133040509
3177652871
3210210853
3305124133
3325465771
3385069553
3391546099
3394883771
3423282007
3448842559
3476017471
3507989077
3540620429
3643058681
3652500301
3717858449
3727439959
3820000883
3822718541
3850264109
3901141781
3920388833
3951869279
4017736201
4079027809
4150263079
4251153601
4257196429
4313217787
4328105801
4353670381
4386083231
4390022321
4428901153
4455928171
4536135421
4554703943
4662034649
4663307203
4715362367
4797084613
4803096481
4872563327
4980585671
5064598801
5136435487
5225379253
5247318721
5289430907
5296653029
5334728779
5379989077
5409918793
5416960807
5437013597
5467270433
5514178547
5527184233
5696090539
5802361429
5897963959
5960285899
6112817929
6279673091
6358173641
6460756427
6493957439
6514095233
6628111421
6687571357
6695956327
6748445657
6769143127
6803811727
6887382221
6908956031
6970849091
7000461863
7093908007
7120365991
7350959569
7369998991
7521328039
7591985393
7705975621
7994816411
8124050141
8199301373
8422781303
8698186283
8752562837
8766528713
8953785761
9039201401
9055416841
9248770931
9338645579
9353349403
9414505637
9586846897
9707612339
9904400497
10127931689
10220207281
10225589657
10362030251
10736192527
11310129617
12297496507
12402576449
12882282713
13075131551
13276940101
13583780983
13757773571
13837477963
13912693009
14887300517
15107320721
15316476029
15550362131
15659917771
16345567981
16644100079
16755280039
16814468843
18063948379
18107745779
18615722591
18746821039
19335033437
19337396647
19502467861
19819262971
20031369517
20265538151
20718666713
20741778731
20885363699
21346367359
21428227567
21895004759
21919846609
21953132867
22732115407
23013749137
23805183593
24070540427
24400841623
25046497079
25055367943
26054279431
26630382143
26907673781
26984885749
27631113929
27752485583
28058467331
28198962199
28273005427
28442464549
28716090703
28934225249
29167806677
29390990683
29567400103
29649067121
29852207089
30517273789
30712808699
30893804741
31672611611
32071016057
32464587161
32886126739
33681163801
33698145623
34338614081
34399434361
34832871517
35119233697
35157350629
35158694639
35177876141
35497267823
35924433239
36007355921
36392064641
36440454019
36641309503
37065571589
37443763517
37733798117
37779344719
39260564753
40460332049
42562697029
42768904153
43890804439
43950070487
44167672369
44215089587
44537491217
44670564161
44932335479
44973158227
45282222539
45862791547
45938348653
46348548007
47132275657
47228989279
47314099993
47485734677
48420065041
48967962041
50520733997
51404021171
52185754571
52302801571
52395491567
52646862883
52743127267
52828878019
53839807201
53906680637
55310360411
55608677701
55960073461
56297870857
56759754803
57674868743
58491346421
59016968279
60056934269
60286163593
60640717199
61041259889
65344536841
65684001377
65932229329
66036323533
66076504133
66626643553
68172997483
68934920501
69507549343
70430413297
70588987367
71630741071
72169787917
72184810427
73408663553
73688682373
73910908949
73969472611
74432736691
75484825837
75711548683
76047937237
76394392727
77377086707
77409483299
78529346653
78689384911
80045732561
80454981289
80945769089
81642422773
82398945613
82491562669
85055501519
85438260637
86340245543
86875267643
87098123351
87376842257
87431398273
87810273209
87920872201
88183521077
88828986119
89663651153
89750235109
89947289141
90048748411
90334289569
91237092619
91330473943
92333867413
93226627721
93322581563
93428431157
95192103463
95798623607
96079263311
96215329753
97176123943
97290000343
98269187851
99047160881
99488745131
100692898181
100929680251
101246369351
102593807851
102885535789
103275985217
106556748943
110130573523
114864348301
116259169921
117419163397
119196914107
120750529859
122096564927
125781553427
125788296661
130602436847
132069632159
132973958417
136550929279
137903807263
140098417183
143353164551
144424035533
151578466183
151802089921
152071643693
152175920759
157587048497
162554919127
168393174511
169403417411
169528087513
174145023551
175770782263
177327431597
178106636759
181142771099
181192822201
184145540101
189974330009
191711005939
196020300067
196437236657
198955538623
200856967583
202876079401
203507487793
205066302989
207282868873
207620915633
207683921161
219145770769
221342983549
224089330429
228076119221
228079465517
232680348343
241711604759
242593351963
256439274527
261841902299
265238665927
270791689499
272178806737
272389937927
280820204617
282266473921
282592434757
284419043569
287637338609
290221043153
291540464861
292775962747
298591741813
300776496089
301013456981
302113641317
306479485363
313253772229
314088758813
317401195421
318893252123
331704507293
334594040831
341609025713
342992241283
343423697471
343500743629
343816747541
349734115649
352119398023
352249099127
354806712461
354829400929
357368799721
358741899739
360519141421
361660219829
362811985447
362914170893
363852417809
365829786779
370292511161
374654651081
384926753623
396717579449
397600356191
407158866119
407272516771
412442545987
415203229657
416493002689
416508541039
425555659759
426576021539
428447057029
442840308803
448025741719
452237128003
457031408209
460481431063
461841750833
470553892057
475907715461
478417680439
487512273953
490311815963
492963380407
501250774669
504883359047
508076037587
508930630609
511211533507
512203453123
515101071439
516557198827
518702794601
520327924829
529275364421
532794551599
534490043419
536506562659
545290969297
551245413833
557364167333
566949933331
572498009219
573575373757
582399974993
586025021093
591133506527
600584473543
602964253559
610871231099
611366456567
616716446741
622877044589
629687001577
638856854477
643390666979
644883336379
648513177523
656972561761
667571126791
679579177159
683756072291
692596687441
696893698177
703597840853
704437543489
708128211629
712034625671
713321830939
737834182049
738280182569
746852624857
748260517387
759194995927
778215926921
789249386641
820459753559
843659836379
848595285449
850728486701
851721567721
853102846667
887302891289
892560962743
893909448517
940461954151
941299904641
955433859169
957926371109
958197966619
961289314753
964097505599
984462222893
986065813181
993552518341
1000384995823
1005444491771
1006366015393
1006830218683
1008188349937
1011482963021
1015426449941
1018488529573
1022470956019
1022839337053
1023041755649
1023898975481
1024400605757
1031660606113
1033819994203
1034642089237
1039248252709
1041823760119
1042301437297
1042341127987
1042658376667
1043205392587
1043598830537
1045011540659
1045802104003
1048698394649
1050755426339
1051443967003
1054275309959
1054440652009
1055286648959
1058986677323
1060483813427
1060919599031
1061204439991
1062775146707
1062838249423
1066749929429
1069703331551
1071687024013
1074649455883
1075188808249
1075488786041
1077927879659
1080704895737
1080975839189
1081768107439
1082236424117
1084409614403
1088359747201
1090399057469
1094005699207
1097225071841
1098081366377
1101023562047
1104844757839
1104847725547
1107140910647
1107650468927
1108702754771
1110978957563
1115551044589
1115882102131
1116075160451
1117286773781
1118768743991
1121168678657
1121345467433
1121524556857
1122353817763
1123125072143
1124938243493
1126597676689
1126775999201
1128028090591
1128693463519
1129363052621
1129549168999
1131645347653
1132340276563
1137972245363
1139092296197
1139266436183
1140077439737
1141494613951
1141818967171
1144023920269
1144692800039
1148533458173
1152913639637
1153061766497
1154128262471
1157184273689
1170838924939
1172143023329
1172337071981
1173450256787
1174862722409
1175023074887
1177279582783
1182211060951
1185055908677
1186145186459
1187344376177
1190544938939
1195209142409
1195691254337
1197972522083
1200893030489
1201465019291
1202062241087
1202566753747
1202865231059
1203246760717
1204768100993
1205132907767
1208791552673
1209934553483
1210772635687
1211704727263
1218584174029
1221230652067
1222022740093
1223245970501
1229133260827
1234267808051
1243583253179
1244013643007
1245304785721
1248383877023
1249345516403
1251113448197
1254142912849
1257162325379
1258702844851
1259472123643
1263235736579
1265866502893
1269532151233
1271372701309
1274320541407
1274325282353
1279177237181
1283322768667
1285816982447
1287314668639
1293209695957
1295034865057
1297716511979
1303813278407
1308772262503
1309757773903
1312508258483
1318864387957
1318969377871
1330372000417
1334311295227
1339685284673
1345557598531
1347731812303
1349899321217
1350720975509
1352517121199
1353305558471
1364408039431
1377032547409
1377183653149
1388370320507
1397271149539
1397795740919
1404883122427
1409072383501
1416252204641
1425952518157
1427215607117
1431248299693
1440350854951
1444175933677
1445600960549
1456555112371
1465995016747
1475356223423
1477115863099
1478421624773
1482304266607
1487607126293
1512006728501
1521262486769
1524120947821
1525581368827
1531787760463
1533243017429
1539939812921
1541579614543
1551242547433
1554723225151
1577038871839
1591102896793
1593571065211
1604099367841
