55
471
493
589
634
694
723
843
913
926
985
1018
1149
1214
1383
1631
1735
2167
2218
2559
2811
2839
2845
3103
3131
3197
3421
3473
3497
3518
3523
3554
3622
3747
3787
3791
3827
3983
4258
4415
4534
4541
4569
4666
4713
4737
4749
4963
5057
5111
5173
5249
5543
5582
5853
6017
6031
6077
6313
6331
6403
6499
6617
6671
6742
6995
7343
7363
7769
7813
7897
7939
7981
7991
8251
8639
8735
8885
8997
9089
9107
9115
9237
9249
9641
9671
9701
9773
9965
10019
10033
10081
10347
10367
10409
10517
10717
10793
11105
11209
11461
11647
11653
12235
12293
12365
12431
12515
12587
12667
12797
13021
13129
13235
13303
13403
13531
13643
13663
13745
13747
13819
14017
14123
14429
14567
14677
14873
15007
15637
16489
16495
16855
16949
17165
17269
17279
17287
17311
17345
17621
17735
18167
18197
18227
18547
18559
18943
19621
19633
19787
19831
20141
20291
20467
20647
20659
20893
20957
22049
22471
22559
22999
23263
23483
23591
23999
24067
24323
24347
24559
24637
24803
24931
24991
25001
25187
25231
25271
25351
25393
25661
25757
26233
26791
27049
27163
27287
27359
27757
28121
28207
28291
28337
28811
29273
29579
29933
30001
30067
30101
30343
30421
31007
31351
31361
31399
31763
32093
32197
32989
33157
33407
33701
33763
33799
34121
34187
34577
34663
34777
35101
35137
35293
35653
35657
35689
35813
36089
36181
36367
36731
36773
36991
37703
37981
38341
38347
38477
38597
39143
39149
39211
39307
39737
39751
40451
40631
40871
41207
41219
41309
41429
41501
41557
41753
42271
42761
42769
43007
43009
43339
43459
43511
44369
45527
45797
45923
46001
47191
47893
47899
48403
48599
48833
49219
49241
49501
49571
49649
50579
50657
50663
50837
51041
51451
51547
51889
52343
52681
52799
52933
53297
53369
53461
53483
53687
53957
54157
54209
54569
54599
54757
55753
55789
55831
57053
57151
57359
57361
57611
58187
59057
59317
59329
59701
59789
60119
60191
60197
60299
60433
60847
61093
61267
61517
61823
61877
62399
62537
62677
62813
62833
63269
63379
63683
64391
64639
64837
65339
65573
65771
65833
65971
66127
66151
66197
66229
66613
66761
66887
66971
67019
67037
68069
68093
68599
69053
69733
69907
70463
70871
70909
71101
71107
72389
73033
73057
73499
73501
73621
73753
73873
73889
74003
74801
75001
75197
75247
76429
76459
77039
77321
77789
77879
78151
78409
78493
78587
78613
79199
79421
80609
80999
81007
81139
81607
81857
82391
82703
82829
83123
83179
83393
83519
83887
84703
85567
85769
85919
86563
87127
87599
87949
88073
88579
90029
90361
90509
90869
91313
91877
92249
92839
93409
93833
94607
94733
95729
95899
96049
96307
96391
97351
97639
97901
98167
98171
98431
98699
98803
99599
99653
100369
100439
100819
101029
101401
102169
102623
102671
102757
102779
103013
103639
104201
104569
105991
106151
106177
106259
106481
106763
107813
108331
108617
108671
109727
110153
110179
110197
110329
110401
110717
110801
111677
111961
111983
112187
112471
113587
113807
113923
113959
114151
114349
115033
115307
116563
117137
117289
117749
118087
118267
118331
118631
119023
119467
119789
119927
119957
120643
121339
121361
121393
121973
122141
122879
123161
123241
123961
124357
124409
124571
124603
124871
125159
125413
125819
125893
126169
126377
126619
126869
126979
127019
127097
127199
127411
127753
128081
128131
128977
129091
129167
129799
129911
130289
130763
130771
131141
131587
131741
131819
132323
132599
133933
134143
135287
135761
135791
136687
137129
137429
137833
138067
138583
138623
139093
139847
139873
140051
141047
141553
142127
142249
142447
143783
143789
143863
144029
144691
145801
145811
145883
145961
146171
146831
146981
147359
147733
148321
149537
149657
150047
151709
152161
152401
153239
153553
153823
154703
154711
154729
157589
157699
158779
158887
159101
159301
159323
159883
160613
161383
162047
162733
163159
163391
163511
163759
164063
164159
165419
166121
166921
166939
167821
167963
168137
168167
168607
168811
169261
169573
169577
170743
170993
171433
172693
173057
173221
173801
173939
174283
174479
174563
175171
175223
175339
175607
176251
176279
176689
177139
177299
177713
177809
178879
179141
179467
180121
180977
183457
183553
183913
184531
184781
185257
186623
187199
188063
188381
188597
189521
189577
189781
190343
190459
192281
192503
193129
193931
195361
196019
196373
196423
197189
198383
198791
200623
201563
201863
202177
202199
202459
202603
202903
203239
203299
203683
203993
204049
204317
204349
204419
204689
204691
204949
205969
208603
209017
209689
210389
210449
210779
211139
211763
212323
213211
213439
213677
214549
214609
216301
216383
216691
217067
217729
217801
218347
219701
220769
220967
221423
222049
222307
222449
222763
223141
223733
224249
224537
225389
225593
225691
226003
226507
226687
227971
228379
228727
228863
231029
231689
231941
232601
233269
233383
234497
234551
234569
234709
235453
236149
236591
236777
236941
237113
237529
238597
239093
239471
240161
240481
242113
243241
244501
244523
244831
245449
246083
246409
247397
248383
249751
251101
251557
252041
252953
253007
253037
253171
253961
255011
255331
256027
256259
257563
258877
258901
259447
259747
260479
260633
261259
261797
262267
262547
263299
263873
264023
264239
265633
265933
266303
267347
267823
267859
267977
268649
268669
270649
271399
272471
272681
272957
276433
277103
277139
277141
277819
278419
278713
279401
279947
279997
280331
280999
282043
282479
282781
282949
283147
283453
283561
284513
285347
287447
288437
288809
288919
290089
290431
290573
291587
291793
293047
293429
293479
293591
293731
293747
293753
294589
295753
295891
295921
296167
296903
297433
297527
297541
298069
298783
298811
300253
300473
302063
302321
303343
304721
306811
307001
307357
307469
307607
307621
307789
308201
308417
308449
308963
310139
311249
311383
311471
311629
313217
313303
314023
315347
315391
315787
316739
316997
317183
317549
318169
318973
319531
322043
322211
322723
324859
324899
325331
325733
326371
326699
327361
328751
329699
330727
332357
332483
332587
333169
333257
334193
334253
335431
335707
336449
336641
337171
338621
339149
339403
339569
339629
339893
339971
340181
340433
340471
340667
341189
341413
341689
342031
342479
342721
342911
343207
343663
343991
344419
346781
347267
347371
347381
347447
347597
347857
347917
348727
349067
350071
350299
351677
351719
352571
353377
353569
354287
354457
355247
355387
355393
355561
356177
356971
359071
359269
360397
360707
360721
363707
364813
364867
365243
367487
367529
367901
368177
368317
368569
369107
369349
369689
369763
370397
370639
370717
371863
371893
372233
372907
373619
375161
375917
375959
376451
376973
377501
377987
378047
378457
378907
379129
379261
380087
380561
380923
380999
383269
384667
385009
385487
386819
387553
388939
389423
389581
391093
391211
391421
391477
392563
392617
393937
394091
395279
395503
396391
396569
396731
398641
398687
399797
399827
400661
400879
400993
401633
404813
404897
404903
404933
405337
406213
406639
406753
406943
407039
407809
408307
408439
408851
409681
410129
410327
410689
411317
411601
411877
412441
413351
413513
413639
413671
414517
415223
415417
416021
416321
418973
419983
420659
421139
421441
421523
422531
422659
422687
422957
423583
423701
423923
423979
425483
425507
425849
426463
427667
427897
428501
429041
429151
429593
430439
432221
432517
433819
434183
435101
435961
436789
437167
437231
437887
438703
439391
441131
441487
441863
442661
443483
444439
445831
446023
446167
446423
446599
446681
446857
448823
449063
449341
450407
450491
450781
451349
451757
453083
454073
456509
457111
457741
457859
458141
458587
458833
459917
459997
460007
461509
462793
463367
464369
464713
466889
466933
468511
468961
469333
470969
471857
474587
474953
475001
475873
476213
476717
477083
477703
478141
478799
478997
479183
481361
482177
482653
482929
483617
483887
484469
485339
485531
485803
488113
488519
489323
491683
492071
492199
494033
494869
495281
496037
496099
496121
496829
496943
497383
497647
498023
498067
498319
500767
501181
501421
502109
503071
503429
503497
503617
504839
505621
505853
506477
506761
506981
507179
507791
507911
509207
510001
510733
510841
512383
512437
513211
513217
514043
515209
515341
515353
516259
517681
518671
519437
519481
520207
521453
521837
522007
522013
522589
523727
525023
525463
525821
525829
527077
529561
530363
530483
531187
531407
531809
532459
532667
535631
535657
536033
536897
537389
537619
537737
538459
538981
540091
540403
541337
542819
543577
544933
547039
548299
548683
549127
549209
549889
551669
551891
552613
552911
553739
553799
555239
556637
557299
557917
558373
558449
558487
558749
560867
561049
561653
561779
562279
563347
563393
563729
564331
565001
566171
566297
566483
567089
567583
569033
569339
570151
570341
570623
571073
571187
571511
571607
572153
573271
574069
575917
576869
577777
578293
579323
582481
583663
583711
584299
584861
586151
587317
588817
588901
589613
589871
590287
590509
590783
592243
592783
593023
593027
594799
594863
596177
596891
597733
598337
598343
599581
599761
601619
602969
604117
604553
604777
605197
605911
606163
606337
606563
606937
607403
608533
610361
611267
612533
613307
613799
614837
616739
617783
618073
618169
618701
618923
619249
620069
620119
620273
623053
623797
623809
626321
626657
627239
627469
629179
629359
629501
629791
630437
631651
631781
634819
634877
636113
637183
637943
639161
639343
640489
640501
640961
641237
641831
642193
642641
642841
642989
643339
644027
644551
645157
645479
646007
646517
647347
648787
649673
650341
650747
650791
651037
651451
652709
652823
654403
655679
656521
657367
657619
659179
659717
661399
661627
661753
663277
663479
663647
665443
665999
666551
668099
668237
668251
668413
669101
669143
670133
670183
671849
672013
672109
672547
672569
672677
676163
676399
676873
677707
678019
678697
680011
681203
681227
681299
683167
684031
686407
686713
686909
687367
690601
690883
692623
693233
694921
695363
696953
697651
699551
702157
702421
703603
704609
705791
708307
708739
708749
709073
709867
711031
712043
713459
713567
714083
714347
714611
715097
715861
717943
718079
718537
718643
718687
719309
719657
720017
720079
720541
721249
721453
722107
722497
722587
722879
722987
723599
724039
724483
726877
727631
728053
728411
729397
729401
730883
731123
731407
731411
732593
732661
732857
732983
733423
733507
734681
735989
736019
737983
738467
738679
738817
738931
747079
747907
748879
749537
749561
750011
750047
750793
752051
752161
753149
753377
753997
755519
755647
756863
757949
763813
764749
764851
765829
767099
767183
767401
767519
768233
768611
770347
771361
772223
772511
772643
772781
774637
776213
777047
777299
777467
777967
778381
779099
779333
781097
782603
783157
783371
784151
784739
785387
785599
786073
786481
788243
788441
790151
790393
790921
791893
791981
792083
792287
793087
794377
794603
795437
797603
799451
801221
801917
802817
804071
806209
806681
807029
807043
807421
808103
808943
809033
809687
810157
810631
810833
811247
812219
812327
813359
813509
813821
814217
814621
815987
816617
816913
817177
817261
817507
818221
818651
819233
819517
821957
824953
826517
828263
828511
830261
830429
832661
834349
834413
834929
835187
835343
835537
836617
836887
837289
837647
838493
838861
839233
839777
840403
840947
841331
843991
846091
848389
849463
851129
852113
853273
853393
854827
855451
855689
855961
856837
856931
857777
858419
858587
859147
859253
859777
865093
869123
869149
870167
871499
872507
872527
873071
873167
874187
874201
874493
879317
879913
881717
883657
886621
887771
888089
891109
897551
899399
899683
899813
899999
900223
901361
901939
902203
902939
904187
905987
909229
909263
910991
911399
911531
912623
915877
917143
921269
921883
923269
923821
925427
925787
927211
927253
927601
930887
931027
931391
931603
931631
932389
932861
934937
935369
936217
939047
941113
941147
941881
946069
946609
948217
948323
948511
951179
951593
951619
952529
952747
953129
953803
954049
955117
955571
956359
956807
958267
959593
960787
961237
962347
962657
962729
962917
963013
963503
963971
967223
969169
969541
970741
973319
973619
975757
975833
975853
976663
977443
978847
979703
980281
981557
982963
983623
983933
985223
985561
986243
989447
993649
993791
994507
997873
998671
999743
999941
1001677
1002637
1003183
1003703
1003801
1003993
1004557
1004789
1005863
1006277
1006483
1007287
1008673
1009721
1010153
1010309
1011557
1012199
1013071
1013849
1014107
1014527
1014583
1014703
1017461
1017587
1017593
1019923
1020067
1020499
1020587
1021613
1021967
1022999
1023563
1024381
1024687
1025051
1026653
1026871
1027661
1028801
1031743
1033103
1033699
1035119
1035227
1035787
1035809
1035941
1036177
1036781
1037863
1038101
1038451
1040933
1041353
1042787
1044541
1045441
1045949
1046593
1047791
1048771
1051121
1051597
1055221
1056221
1058537
1058633
1060439
1062323
1062583
1062883
1063549
1067273
1069279
1069967
1071167
1071997
1072541
1072699
1072783
1074679
1074781
1076149
1076681
1076993
1080253
1080533
1080721
1080949
1082087
1082803
1085219
1085549
1085923
1086409
1087069
1088497
1090319
1090933
1092881
1092941
1093451
1093523
1094617
1096409
1098277
1098553
1101367
1102139
1102349
1106719
1106879
1108799
1111997
1113467
1114739
1116517
1117583
1119409
1119941
1122523
1124213
1125457
1126129
1126813
1128229
1129003
1135571
1135793
1135817
1136321
1136929
1137013
1138699
1138913
1139893
1140301
1140781
1142081
1143451
1145351
1146203
1146359
1147753
1148117
1149877
1150109
1150801
1151023
1152169
1152539
1152577
1154053
1154081
1156543
1157551
1158239
1159511
1161469
1163863
1164907
1165169
1165547
1165561
1167253
1169951
1171567
1172189
1174009
1175309
1176839
1177273
1178467
1180639
1181827
1182229
1184297
1185139
1186061
1186799
1188443
1188493
1190053
1191007
1191217
1191251
1191803
1191943
1192007
1192463
1192487
1194451
1195009
1199797
1199921
1201379
1204393
1204403
1204601
1205003
1205881
1206599
1207669
1208509
1208861
1209997
1212179
1212359
1216181
1217611
1219079
1219331
1220521
1221041
1222349
1222649
1223113
1224343
1227767
1227883
1228081
1229609
1231441
1232263
1233677
1235809
1236377
1237399
1238813
1238899
1238983
1239853
1241717
1242079
1242337
1242671
1243757
1245007
1245287
1245407
1245919
1249309
1249583
1252637
1253081
1253233
1253311
1255783
1256839
1257913
1258069
1259449
1259987
1260943
1261501
1262603
1263401
1263601
1265239
1265399
1265543
1267423
1268833
1269677
1269787
1269943
1270799
1270837
1271297
1272529
1272877
1274093
1274417
1278119
1278941
1279067
1280861
1281989
1283869
1284133
1284403
1284509
1285729
1286497
1286687
1288283
1288319
1289203
1289221
1291859
1292189
1292231
1293517
1294211
1294547
1294747
1297859
1299251
1299547
1299611
1301891
1304647
1305119
1306379
1309213
1309489
1309771
1311137
1312711
1312879
1314311
1319599
1320013
1322353
1322879
1323011
1325249
1327541
1327607
1327757
1333127
1334323
1335721
1336889
1337477
1338613
1339649
1340123
1340543
1341331
1343399
1345793
1346959
1348463
1350301
1350431
1350707
1351001
1352633
1352899
1353323
1353431
1353799
1354123
1355033
1356317
1357451
1359409
1359791
1362467
1365839
1367683
1369829
1370167
1370561
1370647
1371311
1371457
1373143
1373503
1375321
1380481
1381619
1382539
1384147
1388099
1388389
1389463
1395299
1398499
1400291
1401013
1401509
1401887
1402133
1403497
1404077
1404691
1404707
1406987
1409273
1410713
1411121
1411741
1416557
1417961
1418587
1419419
1421023
1422829
1423657
1427689
1428547
1430509
1430701
1430917
1431709
1432157
1433111
1433753
1435807
1435961
1437727
1440319
1441163
1441861
1441997
1442563
1442809
1444139
1444769
1445993
1450811
1450997
1451977
1453511
1453717
1454113
1454287
1455631
1457609
1458211
1458967
1459039
1459441
1459897
1461037
1462343
1462393
1463093
1463951
1464511
1466081
1466561
1467643
1468279
1468303
1469333
1472027
1472741
1472803
1474379
1475543
1476481
1476611
1477943
1484851
1489151
1490389
1491533
1493017
1493351
1493881
1494239
1494587
1497179
1501007
1502321
1502951
1503343
1504849
1506083
1506847
1507643
1507801
1508123
1509349
1509539
1510261
1512317
1514069
1515067
1516387
1516601
1516673
1520237
1522099
1523279
1524353
1526171
1528301
1528489
1529873
1531007
1531973
1536569
1537219
1538707
1540283
1541411
1541633
1544267
1544393
1544927
1548971
1549651
1551227
1551503
1551629
1551881
1552717
1557691
1558049
1560061
1561979
1565231
1565363
1565453
1565653
1568881
1572049
1572899
1573309
1573331
1574117
1574921
1575163
1577921
1578337
1579069
1579849
1585439
1590287
1590709
1591747
1592741
1596053
1596401
1598231
1598287
1598759
1598903
1600661
1602619
1604173
1608953
1610249
1610317
1610857
1612717
1613111
1613477
1616971
1617953
1618657
1621577
1622611
1624769
1625593
1628831
1629707
1630207
1631947
1632269
1633063
1634921
1638407
1638493
1640209
1648351
1648849
1649269
1650113
1650203
1652093
1652197
1653397
1654277
1655053
1656143
1657391
1657423
1658729
1659529
1662391
1663339
1664051
1664099
1670101
1671251
1671557
1671809
1672093
1674191
1675241
1676293
1677427
1681583
1681969
1682173
1684493
1685401
1686163
1686211
1688767
1690979
1692289
1696907
1696967
1699961
1700191
1701929
1702297
1703069
1703881
1706351
1708501
1710127
1711183
1711393
1712681
1712797
1713377
1715009
1715941
1718677
1721843
1721999
1722641
1723261
1723343
1723493
1723933
1724207
1725187
1726213
1726247
1728491
1728673
1729649
1731281
1731283
1733419
1735087
1735147
1735457
1735729
1736359
1737119
1737649
1739033
1739711
1740329
1741759
1741777
1743289
1744943
1745959
1746487
1747741
1747961
1748017
1748303
1750993
1751201
1753321
1754807
1756147
1757947
1758479
1758749
1759819
1759841
1759859
1760461
1761037
1761341
1764233
1764857
1765471
1765663
1767607
1769083
1772261
1774573
1775651
1778407
1779343
1779419
1781431
1781639
1781861
1783063
1784369
1786273
1787963
1788817
1790143
1795459
1797881
1798691
1799723
1800143
1800943
1802399
1802807
1804343
1804843
1805777
1807303
1807801
1807919
1808047
1808659
1811437
1811581
1811653
1812257
1815263
1815433
1815679
1817743
1818601
1819019
1820099
1820393
1822001
1822567
1822991
1823977
1825051
1826273
1827121
1827299
1827359
1827641
1828511
1828657
1828913
1829123
1829363
1830109
1830473
1830503
1831777
1832027
1832951
1836587
1837051
1838537
1839419
1842397
1844831
1845341
1846237
1847837
1848761
1849789
1850183
1851593
1853567
1854161
1854961
1856831
1859401
1859789
1860433
1860823
1862051
1863139
1864273
1866299
1868597
1871897
1872701
1876937
1877129
1877411
1877567
1878761
1879159
1879987
1881973
1882571
1885211
1888379
1888951
1889891
1891121
1891723
1891741
1891763
1894637
1895549
1895849
1902247
1902323
1903397
1905511
1906661
1907221
1908139
1908953
1912181
1914677
1915973
1916441
1916527
1917109
1917833
1917989
1918139
1920323
1920649
1922369
1923661
1924763
1927463
1927843
1928357
1929989
1930921
1932569
1932727
1934171
1935203
1936267
1940209
1948417
1949669
1950259
1951921
1955089
1956551
1957603
1957609
1957843
1959379
1960367
1962481
1962509
1964653
1964903
1967807
1967881
1969577
1972559
1972753
1973123
1973849
1975331
1975507
1976129
1976693
1978217
1979447
1981601
1982699
1982711
1983073
1984231
1984771
1984909
1985449
1985693
1990073
1992113
1993961
1997767
2000459
2003891
2004193
2004337
2004967
2005097
2005271
2008987
2009591
2010013
2010863
2010917
2010961
2011043
2015593
2018327
2018759
2021021
2023247
2025337
2027483
2027929
2028259
2029673
2030989
2031677
2032699
2034163
2035463
2039117
2041517
2042473
2043653
2045003
2045201
2046347
2046571
2047807
2047847
2051977
2053343
2053999
2054693
2056169
2057287
2057983
2058227
2060899
2061071
2061263
2062549
2063233
2063849
2064773
2066327
2066861
2070163
2071417
2071477
2072503
2073737
2075753
2077219
2077991
2079367
2083013
2083751
2084171
2084483
2087053
2087849
2088071
2091989
2093137
2094263
2094773
2094901
2096177
2097149
2097827
2100767
2101861
2105353
2107801
2107943
2108921
2109487
2109557
2109677
2110093
2111323
2113121
2114131
2115899
2116241
2116399
2117483
2119219
2120357
2124977
2125363
2125631
2126323
2131643
2132737
2133067
2133629
2133737
2134931
2135131
2139113
2140471
2141479
2141539
2142671
2144027
2144887
2146541
2146831
2147393
2150557
2152877
2155589
2157943
2159567
2160451
2161441
2163517
2169257
2170249
2171489
2173849
2174329
2174779
2177743
2177953
2183717
2184253
2184659
2187127
2187191
2190101
2195377
2195689
2198267
2201851
2204311
2205347
2206381
2207353
2211191
2212367
2213521
2214439
2221621
2223619
2224133
2224883
2225449
2226071
2230567
2231401
2232721
2233097
2233837
2236859
2237791
2238601
2242489
2243149
2247197
2250277
2251969
2256797
2256929
2257459
2260199
2261089
2267459
2267779
2268127
2268787
2270473
2275061
2277073
2278567
2279219
2279227
2281603
2282107
2283157
2284309
2287217
2290307
2293769
2295127
2296949
2296993
2301917
2304083
2304371
2306903
2307101
2309213
2309599
2310631
2312887
2315221
2316053
2317859
2319683
2321567
2321581
2326273
2327587
2328247
2329543
2331179
2335453
2335999
2336141
2336941
2338013
2339789
2342383
2342999
2343181
2343427
2345771
2348287
2349883
2351131
2351299
2352197
2354929
2364827
2366249
2367017
2367109
2367499
2369701
2372899
2372917
2376779
2376901
2377819
2377931
2380783
2381993
2382427
2387387
2387797
2388149
2388811
2397533
2399219
2400527
2400799
2404901
2406059
2406143
2406311
2406361
2414383
2416511
2419349
2420741
2426881
2429761
2432593
2435899
2436911
2438323
2438743
2438753
2438873
2443003
2445133
2450419
2454379
2455363
2457887
2459063
2460751
2461177
2462521
2463089
2463199
2464747
2466361
2468681
2469749
2471543
2471591
2472773
2472991
2477207
2477549
2477921
2478143
2478353
2483303
2484487
2485583
2485969
2491427
2493133
2495257
2495453
2498501
2499071
2503451
2505497
2507399
2508439
2509187
2510029
2510461
2510593
2517773
2519987
2521741
2533621
2536297
2536591
2536913
2539897
2540107
2540669
2541379
2543227
2546441
2546641
2547343
2548811
2554213
2555789
2556599
2557069
2558111
2562247
2565587
2566873
2566987
2567317
2567381
2568109
2568593
2568607
2570041
2571493
2573317
2573563
2574133
2575477
2575961
2578421
2581751
2582477
2583281
2583773
2587283
2587883
2590711
2592319
2594419
2595361
2596403
2598853
2599757
2599913
2605067
2605193
2609317
2610151
2612717
2613131
2614523
2615201
2616157
2616841
2619091
2622047
2623471
2625593
2626697
2628449
2630813
2630941
2633087
2633933
2634323
2638847
2639909
2640553
2645623
2649509
2652931
2661683
2662213
2662441
2662817
2663047
2663131
2663449
2664457
2667421
2670971
2671411
2673901
2674657
2676251
2682091
2682233
2682847
2683691
2684369
2684413
2688089
2690407
2694163
2694491
2694701
2694779
2698051
2700283
2703179
2709809
2710529
2710691
2710801
2713303
2716331
2717917
2718467
2719867
2721469
2722171
2723597
2727917
2729267
2730323
2731727
2732707
2732731
2737117
2738543
2739029
2741861
2742557
2746859
2747981
2749273
2753953
2755229
2755591
2761103
2764141
2766173
2766853
2767931
2767987
2769103
2771539
2772563
2777297
2779607
2779883
2782313
2783279
2783591
2786071
2787997
2789959
2790637
2791729
2794591
2799481
2803261
2810791
2813537
2814101
2820371
2820761
2821391
2821783
2823907
2824831
2825887
2827589
2828261
2828393
2830309
2830757
2830903
2831287
2832299
2834219
2834471
2836921
2837689
2837837
2837921
2838193
2843443
2844727
2844823
2845669
2847997
2848763
2848997
2852573
2856571
2859511
2860381
2861017
2861123
2864773
2864819
2868587
2874143
2876617
2877241
2878517
2880287
2880751
2880919
2887361
2889553
2896211
2898787
2899409
2900033
2900969
2904367
2910277
2911283
2912843
2918701
2919799
2921287
2921419
2921887
2923381
2928349
2929279
2931641
2932747
2935523
2940463
2941303
2944393
2945843
2946397
2947961
2948137
2952823
2954267
2955677
2955793
2960063
2962189
2962769
2965967
2972143
2973211
2979209
2982367
2982797
2983193
2983861
2992511
2993713
2994883
2995073
2995441
2995907
2997349
2997679
3000197
3000763
3004657
3006799
3007427
3008927
3009889
3011893
3013201
3016423
3023311
3025411
3028237
3029743
3030827
3034847
3035339
3035399
3036139
3040957
3044227
3044981
3048293
3049433
3050449
3050563
3050857
3051973
3051991
3052459
3052811
3054853
3062753
3063031
3064069
3064507
3066023
3068183
3071171
3072217
3076441
3080599
3083671
3086203
3088759
3088777
3089617
3090149
3092267
3092641
3093619
3094589
3096113
3105457
3111167
3111347
3111947
3112589
3112867
3113161
3113351
3118373
3118957
3121451
3122759
3124157
3124937
3126391
3127591
3130223
3131411
3132757
3141031
3142039
3149257
3149717
3150109
3151151
3151277
3152899
3156367
3160819
3161153
3161219
3162737
3167173
3167911
3172409
3174331
3175741
3178069
3178501
3181993
3182497
3184739
3185549
3188729
3192337
3192421
3192643
3196673
3197539
3199531
3200399
3203329
3204119
3206503
3209383
3209711
3210811
3212749
3215683
3219079
3219313
3223469
3226199
3226567
3227737
3228301
3229489
3229651
3237791
3238657
3242249
3242651
3245513
3245621
3246497
3246569
3250411
3250969
3254747
3259913
3261589
3262561
3265523
3266951
3267049
3267521
3269557
3271061
3271909
3272977
3275659
3276673
3278153
3286169
3288001
3289057
3289129
3291023
3294839
3295051
3296171
3300919
3301031
3301219
3302141
3303061
3309289
3311293
3312703
3313031
3315497
3317659
3318851
3323251
3326779
3328861
3330893
3333353
3335557
3336763
3337241
3338983
3349991
3350257
3351781
3351787
3354077
3354223
3354931
3359303
3361861
3363991
3364481
3366331
3367031
3368501
3370207
3372667
3373093
3376189
3384079
3388739
3389821
3392251
3392369
3394829
3398909
3399547
3400489
3400769
3404623
3405011
3405733
3406037
3406517
3409919
3414007
3415703
3416801
3417277
3420233
3422849
3429137
3430943
3433501
3435149
3436837
3437513
3438329
3438497
3439231
3440911
3445879
3446851
3449213
3450413
3454777
3455813
3457733
3462539
3470471
3471217
3472753
3476833
3481963
3483461
3487763
3488113
3489191
3492221
3492521
3497399
3498203
3499033
3500191
3502817
3502981
3506359
3506681
3512617
3513751
3516169
3516419
3516703
3519079
3520259
3520409
3520651
3521807
3523049
3523259
3527317
3527753
3529049
3530801
3532099
3533261
3536251
3538993
3548669
3549899
3552089
3553373
3556327
3556541
3560651
3563177
3564887
3568303
3568849
3572381
3575213
3577709
3577751
3577943
3588799
3591541
3594127
3597679
3605401
3608911
3610927
3615361
3616961
3621841
3622841
3629309
3633277
3636299
3641527
3644539
3645379
3646429
3646703
3649703
3650321
3652133
3652349
3654107
3655583
3658273
3665143
3674093
3680641
3689557
3692389
3697879
3702121
3702253
3702731
3703951
3705913
3706589
3707131
3707183
3709763
3710353
3711079
3712153
3713989
3715769
3716711
3722671
3723101
3730963
3731813
3737779
3738331
3738467
3746759
3747613
3749663
3750709
3753283
3754801
3755519
3757547
3759997
3760189
3761761
3766379
3767507
3768997
3773347
3773479
3773659
3773807
3773953
3774403
3783107
3788021
3789677
3792163
3793969
3794237
3803299
3806717
3808111
3809227
3812429
3813809
3817799
3819911
3822617
3823499
3824423
3824959
3826061
3827203
3828943
3829003
3829723
3833581
3834659
3835423
3835709
3837931
3838403
3839243
3839723
3843779
3848737
3849607
3850447
3851473
3852197
3853063
3861049
3862069
3866059
3868433
3872989
3873619
3875191
3876463
3876871
3878443
3880973
3881167
3883907
3885023
3886703
3887201
3888949
3888953
3892597
3892667
3893921
3895807
3896051
3898277
3902599
3905549
3912847
3914759
3916889
3917647
3918521
3920351
3924607
3929119
3934391
3935707
3935927
3939109
3942221
3943781
3943909
3946847
3947039
3953063
3960199
3963943
3966901
3967723
3969359
3974989
3976543
3979441
3979909
3982757
3985691
3985921
3989647
3991171
3998543
4001981
4004491
4005949
4006733
4009081
4009111
4016557
4017059
4017469
4018033
4019651
4021487
4022231
4027039
4029449
4030811
4033021
4034677
4036793
4037503
4038109
4043987
4047259
4051027
4053733
4054013
4054829
4056289
4058023
4060003
4065827
4069853
4070753
4070917
4074971
4076329
4080319
4082867
4084117
4084321
4085251
4086469
4086701
4091341
4092493
4093009
4095733
4097329
4099013
4101667
4105603
4108879
4111099
4112159
4114091
4114961
4118561
4118663
4120399
4120469
4122203
4130801
4130891
4133993
4135031
4135639
4140137
4145417
4145963
4147193
4153537
4156661
4158311
4165081
4165087
4168039
4169927
4170619
4176659
4180751
4181701
4191053
4195469
4195963
4203179
4203469
4204901
4213513
4216141
4217189
4218443
4221979
4222241
4223693
4227779
4228193
4229009
4233193
4234151
4235359
4235929
4252783
4261447
4262917
4269493
4275311
4281077
4282363
4288877
4292297
4296601
4297507
4298227
4299313
4299541
4300271
4302281
4305139
4309127
4309247
4310221
4313521
4320977
4325029
4329869
4336469
4337357
4338611
4339807
4341031
4341059
4345171
4350097
4357399
4363823
4368289
4372583
4383781
4383941
4385503
4388273
4398739
4399357
4401893
4409947
4410509
4414181
4415867
4416103
4418383
4420771
4432553
4434869
4437949
4438897
4440829
4441519
4444481
4445761
4446283
4446439
4448663
4450217
4455601
4461101
4468391
4469471
4474507
4474597
4477303
4489217
4490089
4491661
4496119
4502923
4503721
4508359
4513489
4516361
4517077
4517371
4520669
4523873
4526141
4527199
4530083
4530089
4531393
4531981
4532933
4540511
4547047
4549093
4555267
4557869
4558189
4562737
4569407
4570939
4576861
4578239
4578337
4583311
4588049
4588081
4591229
4593779
4594487
4596947
4598317
4601539
4607039
4608341
4609219
4615067
4615799
4616023
4617377
4618123
4622413
4622957
4625483
4625561
4626491
4631447
4635497
4638577
4644169
4647359
4647739
4649647
4650211
4651847
4655197
4655557
4656731
4659359
4663391
4664039
4664299
4667087
4668743
4669597
4674259
4677661
4680449
4683583
4683659
4690729
4693289
4696037
4696661
4711697
4717627
4720103
4727273
4734887
4735501
4739069
4742851
4747541
4748059
4754369
4763069
4763777
4766813
4768081
4770179
4771027
4771183
4771733
4775347
4776547
4777079
4778353
4778471
4780907
4782307
4788527
4791047
4793329
4793911
4810577
4810759
4813447
4817447
4818257
4828841
4833601
4833949
4839943
4840391
4843393
4845563
4848749
4849433
4853747
4854973
4860857
4865639
4866361
4871761
4874423
4874809
4876099
4879327
4879367
4884239
4889449
4889887
4893407
4898063
4898401
4899743
4902673
4904617
4907479
4915429
4917553
4924109
4926919
4930249
4931351
4936661
4938611
4941473
4941701
4941851
4941991
4943557
4948399
4951273
4954319
4958953
4959023
4960409
4960411
4962101
4963111
4968053
4970269
4977377
4983367
4983577
4987337
4990171
4990943
4991017
4993663
4996109
4996877
4997441
4999619
5000837
5005279
5009533
5010961
5011511
5016511
5017153
5017847
5018921
5021297
5022337
5023691
5023943
5032091
5034011
5034241
5035889
5038843
5041591
5043989
5044601
5051239
5064457
5064797
5071279
5071541
5073569
5074021
5080759
5089421
5095301
5103569
5103899
5107159
5113249
5117549
5118823
5127883
5135903
5142167
5157469
5160577
5162249
5170259
5174153
5187223
5190329
5204623
5210011
5210171
5210797
5215681
5216117
5217497
5217617
5224357
5226677
5238491
5239253
5239439
5251957
5257871
5260351
5262713
5266223
5268503
5268797
5271449
5271979
5273113
5278759
5281357
5282357
5282917
5285909
5286097
5286569
5286737
5289971
5310761
5318821
5321531
5322103
5324369
5325343
5331187
5335907
5336459
5341321
5344219
5344721
5351231
5358901
5363299
5365469
5367503
5367799
5377949
5380939
5386067
5396483
5398957
5402921
5404429
5405879
5406601
5414029
5415127
5415623
5418199
5418899
5424673
5435491
5436239
5439061
5442469
5450077
5451211
5453849
5456831
5463643
5466443
5466697
5466793
5467909
5473649
5475599
5479273
5481929
5482933
5484691
5485517
5486863
5489053
5489833
5491201
5493569
5495491
5497729
5499161
5507197
5508197
5511323
5513141
5513747
5516867
5517983
5522651
5523071
5540917
5545717
5545763
5549699
5559769
5559779
5562001
5563289
5563717
5567921
5576089
5579209
5581607
5582719
5590829
5597731
5601473
5606429
5608441
5608927
5614409
5616503
5621111
5621593
5622893
5632663
5639233
5642201
5647847
5648323
5651663
5655959
5663167
5667397
5670437
5672921
5675113
5679811
5682367
5683229
5688301
5710949
5717273
5729209
5730583
5732581
5733253
5737463
5740591
5742661
5743043
5746171
5751133
5751619
5755913
5755961
5757329
5758759
5758783
5759879
5768293
5769523
5771147
5774459
5777329
5778937
5780653
5781109
5791243
5799247
5800273
5801021
5803139
5809673
5812069
5828881
5831083
5835911
5837413
5841491
5842693
5846593
5853179
5854517
5855053
5862781
5872901
5874613
5883161
5886563
5887561
5898719
5913647
5919841
5921339
5922871
5925103
5931007
5932931
5954281
5957353
5960069
5962877
5964649
5971211
5980463
5982989
5984809
5994913
6011927
6014077
6014993
6016631
6017147
6018637
6023419
6024203
6026849
6046949
6049559
6055559
6058561
6064901
6066499
6076901
6096803
6099449
6105529
6105881
6106237
6107551
6108629
6119849
6122689
6124799
6149743
6164281
6165877
6167717
6170189
6170963
6171547
6172501
6186841
6199769
6200477
6224719
6229759
6239173
6241637
6243337
6245797
6250159
6251099
6252221
6269089
6273583
6283411
6288049
6288803
6296111
6306929
6322373
6324193
6328321
6328969
6334271
6343087
6349709
6350153
6351343
6355033
6360793
6371609
6372607
6373109
6379339
6379759
6385817
6393643
6396311
6399329
6399763
6401821
6402797
6406061
6412093
6412751
6413867
6415609
6424709
6426029
6431371
6433649
6450001
6454771
6463967
6466007
6471197
6471659
6474961
6482533
6484817
6490069
6492209
6493519
6499769
6502747
6507289
6509227
6511061
6513251
6515447
6534557
6543967
6544829
6546031
6554819
6559463
6567619
6567623
6571601
6574907
6576727
6582931
6592529
6594701
6596959
6597169
6597329
6597457
6605161
6614723
6620167
6625279
6629137
6630317
6635939
6655447
6658439
6661489
6662713
6662921
6666083
6670519
6671179
6701711
6717857
6729101
6734591
6742583
6756601
6762593
6768497
6771833
6771983
6776851
6783103
6790151
6791087
6793769
6803959
6805837
6810521
6810941
6812831
6826189
6827371
6827713
6831959
6833119
6835957
6837527
6849319
6856513
6863179
6863543
6865829
6867727
6868567
6880217
6890311
6894787
6905989
6920663
6927593
6932113
6932521
6935267
6935311
6943831
6944491
6972769
6984293
6990127
6992291
6995917
6997933
7010233
7017341
7018489
7021271
7023571
7029193
7030739
7032533
7037113
7042019
7042627
7052831
7055351
7057483
7058959
7060003
7070797
7072687
7080917
7088617
7089487
7089671
7096819
7099133
7102747
7104641
7109603
7110629
7110773
7114543
7115287
7129319
7130401
7135147
7152533
7153283
7159393
7161701
7167023
7175869
7181393
7217153
7231097
7233781
7235629
7235801
7236233
7237063
7240379
7241081
7244051
7249883
7252211
7256801
7257347
7271263
7276627
7285321
7304641
7305689
7306391
7318937
7320143
7343659
7345409
7346663
7375087
7376483
7379459
7385951
7404143
7409231
7411721
7415357
7417387
7417931
7420859
7423081
7425293
7430347
7434983
7435037
7442921
7447571
7453333
7455191
7457563
7465247
7466777
7468301
7470131
7474919
7477363
7480507
7486547
7498277
7515941
7529549
7536533
7539691
7543369
7545871
7548479
7549387
7549471
7552147
7553851
7556377
7562899
7565963
7584347
7587721
7588121
7591379
7594621
7601221
7608539
7609801
7610467
7611671
7612271
7624321
7625383
7636543
7651213
7656199
7658897
7660229
7664861
7666111
7669391
7673557
7689251
7704673
7716931
7728223
7729213
7730647
7744097
7747769
7750643
7766557
7769981
7770421
7784123
7785751
7788503
7792571
7797931
7800173
7800833
7817779
7825963
7827179
7838161
7839829
7850299
7851167
7862329
7869073
7871641
7878623
7885601
7901431
7906159
7910387
7913821
7927001
7937173
7940617
7940659
7953983
7961671
7968509
7973177
8002763
8011309
8016859
8021483
8026339
8032111
8058031
8063749
8070703
8072387
8078549
8090557
8098267
8101099
8120291
8133179
8153927
8158849
8159719
8167657
8170853
8171551
8190757
8197841
8215939
8225303
8229251
8238031
8243273
8248837
8252267
8252581
8253457
8254399
8258993
8286127
8293301
8302093
8302369
8303147
8306959
8307457
8309887
8317469
8322793
8324581
8335009
8352697
8352973
8396473
8403589
8409937
8416801
8425699
8430761
8431183
8433749
8439139
8444827
8450503
8454671
8458279
8464399
8464619
8466949
8468039
8470733
8488643
8490061
8496451
8501249
8507153
8514283
8543669
8545403
8564639
8573891
8578837
8614289
8623613
8624659
8629001
8630569
8633243
8641649
8642743
8644033
8667023
8677901
8690977
8693897
8698967
8718989
8719247
8735123
8740987
8746471
8750449
8753917
8757293
8757521
8760329
8764969
8769511
8775119
8776093
8806739
8809267
8834351
8838341
8840633
8862701
8865127
8887811
8910983
8911733
8916119
8921593
8924863
8931581
8944717
8949539
8949949
8960779
8968291
8974247
8985359
8990323
8990453
8990599
8991979
9002479
9004553
9009887
9010483
9010817
9022021
9048397
9052163
9067039
9072907
9096961
9102281
9103933
9106129
9124789
9126041
9126437
9144203
9154003
9174127
9178661
9180949
9182189
9186061
9200911
9212803
9232897
9245393
9272009
9288157
9291229
9305519
9315727
9346637
9360119
9381293
9387871
9406217
9414043
9424819
9450179
9450949
9474659
9479039
9521531
9522089
9538141
9543431
9563033
9563527
9583753
9585487
9589949
9600221
9618179
9621247
9629017
9634301
9635057
9644113
9654217
9658823
9694261
9697199
9703207
9704729
9713189
9722327
9734399
9767651
9771581
9823727
9845911
9884207
9888233
9904177
9937243
9938219
9947657
9953681
9960319
9965999
9968047
9970271
9972289
9982079
10025657
10091209
10105889
10117981
10118237
10153579
10159991
10170389
10188239
10188781
10210301
10215323
10217093
10235587
10241587
10246001
10247689
10252981
10284277
10296941
10314533
10321433
10404467
10411703
10413019
10451713
10469509
10513913
10517911
10522279
10522807
10524901
10557389
10559447
10566697
10573103
10586561
10592363
10599709
10655929
10661951
10668451
10668799
10707527
10731689
10759921
10796147
10814299
10832879
10875301
10882253
10982371
11063197
11128367
11201401
11202619
11207297
11233393
11261647
11266363
11269253
11278793
11303387
11373529
11396243
11421283
11445527
11453041
11471983
11508353
11513611
11533037
11550199
11576069
11598781
11691577
11701553
11703473
11741141
11756597
11795071
11802127
11810819
11919113
11937853
11954681
11980403
12006221
12023303
12036931
12179659
12218047
12234779
12242101
12324817
12344947
12347971
12348187
12417487
12474799
12482053
