694
3223
4333
4478
11741
13813
19369
21878
22234
24143
24523
25567
26678
29654
35687
36727
36937
37705
40345
41489
49349
49587
51297
52109
53701
54965
56323
56657
58291
59261
62737
75443
75763
77921
81997
93689
94489
99763
102491
123037
125203
132983
135139
139553
139649
139849
141139
147131
154663
155573
162377
163069
163663
168407
168821
172771
175139
183649
189053
190349
194153
200047
204811
210817
222451
229661
231313
235019
243949
260119
263149
264239
268571
270703
280391
280829
289813
290231
294839
312359
313799
330373
334921
339083
343283
346679
352927
357521
363787
363877
367459
368971
369769
381247
384521
386849
387181
396481
396757
397979
406529
408853
410107
413261
415279
420881
426451
427121
427543
429697
444221
457427
481601
482591
482639
484553
485183
488557
496003
499223
500543
508819
511501
541441
545891
546829
548087
551897
552509
554881
560359
563917
568949
570751
571639
581849
583157
604213
610039
615523
621001
626699
631759
634001
642251
647623
650467
651923
653423
656807
664387
665653
683099
685703
686747
687373
689729
701429
715541
727913
729137
731417
737249
742811
745321
760853
764279
764831
769721
772319
783611
791383
796057
799297
805699
808009
828251
830971
836207
838427
845323
847117
853649
862051
865939
869047
871889
871909
890471
899923
915853
916753
923873
924247
928801
928831
931027
940777
941287
947897
949843
952181
970009
970727
970741
986863
997459
1016207
1031971
1037219
1038949
1039237
1044401
1044649
1056841
1092317
1102139
1126921
1131587
1131649
1133719
1145257
1153307
1170623
1188067
1195913
1200379
1200757
1219579
1223653
1231777
1249439
1251113
1268513
1292897
1295453
1299587
1304323
1306091
1330367
1336879
1340191
1349261
1351193
1354657
1362373
1382261
1394381
1396201
1404707
1419113
1419941
1429453
1436621
1446733
1453561
1456913
1470701
1474379
1480289
1505531
1508191
1522861
1564169
1574689
1595641
1600723
1611569
1618273
1618361
1625641
1626899
1629247
1636517
1639129
1647049
1647133
1654589
1657387
1659037
1661593
1670509
1670611
1677107
1687727
1689899
1690499
1692973
1699771
1714873
1721429
1729979
1731833
1732813
1738757
1748573
1753327
1758751
1771661
1774397
1781867
1825037
1832321
1861199
1871123
1887367
1888459
1897369
1909357
1910309
1920647
1935821
1953241
1960997
1967491
1970651
1973383
1987369
2023999
2047631
2050921
2064239
2067743
2069513
2083811
2093167
2093717
2116819
2117839
2119021
2126021
2146451
2164973
2165041
2165389
2179691
2194079
2199011
2201351
2207473
2213017
2215361
2217559
2227177
2271713
2297579
2321831
2344343
2353313
2356201
2359909
2382167
2398489
2410129
2449591
2451899
2457601
2465329
2473201
2486023
2493151
2504653
2510929
2516807
2525311
2538583
2541481
2546807
2555381
2558761
2588099
2595881
2608799
2627311
2635741
2650673
2681923
2686823
2692867
2698811
2702407
2710951
2720087
2721809
2725007
2727601
2730043
2736101
2752727
2754793
2755933
2759753
2773951
2784737
2788397
2789389
2792579
2797787
2819849
2821129
2824219
2872927
2875351
2885081
2892727
2903531
2913667
2919601
2920763
2933851
2941591
2956529
2960141
2970199
2980499
2981893
2985709
2990357
2995721
3006853
3008059
3047003
3053651
3058273
3059071
3059801
3072721
3097607
3115039
3119969
3133051
3160489
3201881
3203587
3213919
3217867
3225689
3233057
3308191
3310493
3318649
3332821
3358189
3362837
3365347
3367229
3380389
3424859
3431663
3437773
3442601
3453377
3476597
3481129
3485509
3488539
3488983
3504937
3506599
3509573
3519931
3524771
3531947
3533437
3539581
3547987
3552191
3563617
3581659
3583183
3593591
3597787
3644929
3650267
3653399
3665447
3681329
3698599
3716509
3718271
3721121
3735383
3766823
3775069
3781927
3785267
3785647
3792413
3796547
3806573
3833689
3848729
3851411
3863491
3865921
3870677
3890009
3904811
3904939
3907469
3908299
3909833
3915973
3918287
3942163
3943987
3944587
3953941
3954589
3977671
4037623
4042373
4050407
4052819
4079239
4085833
4088291
4100669
4134983
4175543
4183609
4191331
4191347
4193333
4198951
4200899
4216873
4229653
4233157
4247179
4269493
4273447
4273847
4279001
4280167
4286083
4299109
4306111
4327819
4330957
4335371
4343683
4353871
4375823
4381021
4382111
4388273
4399261
4408211
4415959
4419257
4433857
4452281
4473307
4477243
4496119
4519927
4521329
4539259
4556341
4564379
4593167
4601669
4618909
4623041
4626553
4642663
4644491
4646767
4648517
4667087
4676899
4678691
4689073
4694471
4695619
4705703
4706159
4711787
4722191
4726751
4732627
4754819
4761797
4762033
4766569
4781869
4799633
4801229
4802969
4806619
4815361
4817147
4820303
4821343
4825531
4834033
4850809
4852009
4858663
4860899
4862881
4870237
4883051
4891301
4905403
4938667
4941401
4958831
4967603
4982069
4994677
4996153
4998473
5000243
5030149
5050169
5051779
5052137
5054941
5058353
5066899
5074757
5078299
5078587
5102413
5120593
5147899
5172623
5173691
5177839
5184353
5205803
5214907
5218469
5224799
5240687
5245753
5252699
5280991
5280997
5282681
5285641
5297777
5320807
5326313
5397983
5412557
5422523
5427313
5430091
5436019
5441251
5444713
5459633
5477569
5503357
5510411
5518309
5541089
5556787
5559683
5571499
5575931
5576231
5580277
5584759
5599901
5603093
5621711
5630153
5668199
5670211
5706293
5707313
5716313
5759057
5776009
5783489
5791223
5795953
5815673
5824619
5840057
5849743
5860693
5871389
5886467
5899037
5916563
5921633
5935519
5942813
5972539
6010439
6015283
6041863
6043241
6073297
6077807
6077843
6107753
6114359
6143993
6163337
6190157
6202789
6208123
6217501
6218783
6240673
6282839
6300733
6309799
6318173
6323017
6331909
6345733
6350999
6352009
6371201
6373429
6396739
6421537
6423023
6432271
6434809
6457999
6463397
6479909
6496331
6503383
6503767
6545389
6552319
6552823
6578141
6586367
6588187
6613909
6675139
6695099
6697729
6701879
6729839
6765827
6769627
6770399
6772009
6794321
6817229
6821489
6831179
6851711
6860669
6861979
6896093
6914179
6924461
6924611
6939379
6943823
6947341
6949109
6990211
6992603
6993529
6996599
7007807
7035089
7041677
7045477
7057783
7068407
7077913
7108961
7114543
7120517
7144261
7146119
7148591
7152421
7162567
7192747
7193551
7205651
7213867
7216399
7234631
7240829
7245089
7250821
7254889
7255033
7268413
7273559
7284359
7309721
7310099
7334351
7335877
7336753
7350569
7357099
7358237
7384837
7393769
7411793
7431623
7432121
7440079
7463849
7477411
7489409
7521097
7546831
7560877
7601591
7639747
7649107
7667593
7673411
7681439
7689551
7710463
7716677
7721291
7726879
7746289
7770349
7772033
7791079
7791209
7795589
7800239
7801847
7802033
7810081
7820333
7830517
7837777
7843729
7870153
7872169
7888717
7901417
7911247
7920223
7929241
7959143
7967719
7980001
8012093
8012309
8014483
8039579
8060249
8081243
8112113
8149943
8155519
8172169
8178431
8191787
8214347
8225981
8232139
8272501
8291873
8296201
8302883
8305439
8308441
8313497
8340229
8348861
8355293
8358221
8366597
8380129
8418821
8427547
8436257
8459713
8463883
8493299
8499163
8504843
8521033
8547313
8570257
8588933
8610733
8626609
8628091
8641013
8652533
8657351
8685773
8715571
8720633
8727217
8737909
8754943
8767751
8781427
8796751
8800157
8803693
8812729
8845439
8849683
8926787
8928287
8941987
8950231
8955467
8962391
8968249
8972581
8974379
9002767
9026467
9033469
9033977
9041731
9068819
9079709
9094249
9119911
9120113
9133081
9207169
9237719
9248809
9275069
9276593
9278761
9305017
9319537
9335749
9349003
9352417
9370007
9377657
9411767
9453571
9475757
9478471
9491953
9496849
9504191
9508921
9514289
9522901
9529747
9550951
9563891
9594493
9594839
9596791
9611411
9635599
9641407
9642649
9657103
9663037
9688061
9708953
9740191
9744769
9744793
9763529
9764357
9767453
9801373
9817963
9822667
9844859
9878629
9884087
9896869
9903893
9907543
9915011
9917527
9946553
9956173
9956957
9962353
9992987
10005757
10006259
10016393
10024813
10046327
10063817
10068349
10087139
10091701
10146683
10150867
10187581
10198693
10213921
10214117
10216529
10228601
10241857
10244687
10291739
10293887
10295563
10297853
10298459
10303621
10312067
10337323
10347313
10351171
10352389
10354469
10374149
10408241
10410889
10423081
10447499
10451587
10455383
10494851
10523987
10533749
10538263
10547617
10550173
10553131
10555141
10562743
10573033
10577653
10581383
10590641
10591249
10594091
10595119
10599023
10617823
10684633
10690853
10697333
10702463
10726657
10727551
10749091
10752811
10801501
10846711
10859129
10911973
10913321
10949711
10973741
10989119
10997803
10998527
10999801
11005303
11032961
11034979
11040553
11051323
11062669
11098427
11113033
11115103
11144171
11178091
11186701
11196677
11223599
11237167
11243549
11256677
11268067
11297701
11311771
11320781
11361929
11365451
11416439
11440309
11445719
11448727
11505839
11507813
11533481
11538929
11564221
11586247
11586893
11621059
11626859
11629873
11632961
11665873
11669549
11729243
11732011
11747761
11750579
11765119
11840981
11841317
11883583
11889127
11903299
11911243
11942423
11961713
11972923
11993983
12009601
12032479
12058979
12059689
12061277
12097913
12105277
12108293
12160303
12177877
12185353
12209117
12224111
12225859
12248161
12294899
12324997
12347791
12352259
12360463
12364679
12365081
12388001
12392957
12394243
12397603
12408967
12470207
12470849
12482053
12500611
12541979
12586757
12610361
12625427
12640913
12663757
12674621
12675653
12682759
12692653
12715669
12730769
12754393
12771797
12782491
12784483
12814397
12829871
12843521
12847573
12852247
12866527
12877043
12892577
12923389
12936307
12941723
12995009
13027249
13038499
13064119
13066187
13074851
13103473
13113437
13134691
13165717
13170383
13171177
13183871
13216493
13260041
13307233
13308023
13345441
13351489
13353059
13373363
13378037
13393027
13434061
13435897
13441691
13443257
13444649
13446539
13473281
13474673
13482697
13501403
13504937
13507217
13507811
13559437
13563757
13568003
13576763
13643473
13653971
13663201
13696469
13696621
13696981
13717339
13722257
13723027
13767253
13778371
13794107
13796099
13808737
13813907
13820357
13850819
13851449
13882831
13884697
13886407
13913561
13929067
13944317
13945961
13958183
13969181
13970087
13977343
13992133
14007601
14023879
14030503
14030917
14031751
14033707
14041327
14045441
14064289
14064497
14084387
14087083
14095687
14097053
14103041
14104049
14129113
14131619
14159207
14205577
14217607
14222909
14244247
14270071
14284343
14290583
14309651
14313503
14379731
14429819
14431553
14446361
14488589
14496029
14517757
14519077
14525087
14530067
14536091
14566681
14614429
14634457
14677357
14780999
14781983
14809127
14815271
14822581
14848487
14849689
14889899
14900147
14950919
14979707
14993131
15026563
15028667
15042259
15055709
15078181
15082351
15084143
15108271
15109177
15142331
15172879
15176339
15199157
15201157
15203119
15211877
15236509
15256547
15260911
15271489
15304727
15321679
15355537
15368863
15398239
15400019
15443009
15449053
15461291
15478429
15493663
15508907
15521243
15535657
15550651
15590063
15613439
15626953
15629461
15650909
15675731
15715097
15715783
15720907
15724901
15727219
15738013
15773917
15776641
15791093
15809557
15852233
15873769
15893707
15922661
15938551
15942737
15943363
15951539
15956147
15966719
15987703
15989711
15999469
16032323
16043437
16046039
16068263
16082491
16170937
16181579
16226629
16232533
16244377
16249631
16253161
16280969
16284227
16328797
16342901
16356757
16371893
16421533
16425551
16441043
16442081
16449701
16451231
16454579
16471129
16475447
16476049
16481671
16495909
16514791
16522157
16535549
16585297
16593613
16627133
16644863
16661459
16712393
16718353
16723841
16741187
16744859
16745353
16753153
16762169
16772549
16778239
16837409
16853077
16869007
16912487
16934989
16979317
16991929
17014601
17059597
17060863
17067079
17088361
17110747
17145599
17164933
17171081
17173319
17202769
17204009
17209069
17209301
17213851
17244637
17295097
17326259
17361011
17368231
17368613
17437093
17440921
17458723
17462033
17462701
17465663
17466013
17469799
17495867
17506273
17513081
17519087
17524621
17540161
17552929
17570159
17625931
17721797
17724757
17739193
17753347
17768081
17781077
17781419
17807533
17818259
17856791
17916167
17917633
17922473
17983817
18053797
18063179
18081157
18121657
18127363
18153823
18162857
18167417
18189749
18190573
18240491
18247279
18247787
18253817
18275843
18280777
18323047
18327637
18365713
18366181
18374231
18382421
18407497
18426721
18445199
18525371
18531131
18538459
18593671
18630307
18668371
18677749
18717031
18746239
18771707
18808553
18823643
18831209
18836639
18862511
18866971
18894899
18924299
18928979
18946429
18959249
19027109
19040699
19053193
19064827
19105759
19120279
19139941
19139969
19184989
19191013
19245481
19247801
19279103
19296359
19312649
19319527
19384303
19467209
19490851
19492171
19504237
19557563
19558067
19596337
19600211
19609717
19617077
19629809
19632967
19641659
19654153
19662913
19678937
19720513
19722539
19749109
19764247
19766657
19773683
19774081
19796837
19800013
19819817
19825447
19844711
19847833
19848893
19882301
19887187
19896937
19900327
19902313
19904173
19905029
19923331
19925729
19927847
19969613
19987973
19998071
20010677
20024273
20049899
20054233
20074939
20149397
20160557
20175829
20208173
20233901
20261963
20266903
20268173
20274167
20302661
20306009
20309389
20348149
20390977
20413649
20453369
20460691
20494009
20497759
20511247
20522431
20535239
20537383
20538073
20560417
20571097
20578417
20585287
20595193
20599303
20617847
20622709
20669503
20671787
20683433
20711039
20759503
20783047
20801321
20808379
20904841
20942549
20996947
21022961
21045991
21061213
21079717
21084277
21139583
21152429
21158749
21176147
21207601
21221209
21251297
21254969
21339601
21342121
21344009
21371611
21373019
21384163
21419161
21439937
21582647
21593027
21635291
21644453
21719779
21766187
21789799
21808309
21817217
21872927
21884251
21901777
21929113
21952241
21985967
22047761
22059239
22071061
22078457
22086131
22097063
22181111
22198301
22201433
22211029
22248143
22268749
22344857
22390133
22448539
22477733
22540151
22571323
22577197
22596547
22611367
22618201
22654763
22692661
22709311
22744727
22789909
22846139
22896037
22920017
22957999
22975067
22982383
22996319
23049769
23068319
23148019
23189927
23191027
23209721
23220293
23228209
23236007
23276131
23290213
23295157
23300051
23319229
23334119
23354879
23394011
23414429
23455361
23510573
23517049
23553389
23590927
23603243
23615957
23616919
23635961
23708551
23720539
23744177
23761399
23761999
23794273
23800817
23811583
23825987
23858777
23875151
23879699
23882513
23936413
23957071
23983891
23993947
24051619
24058033
24107543
24111497
24139721
24182183
24339839
24349639
24368777
24414139
24421919
24439733
24449567
24466333
24478847
24577919
24580007
24637429
24661121
24696589
24739801
24766537
24797281
24857869
24871949
24875797
24904093
24930167
24970037
24983477
24985951
24987961
24990227
24991453
25012033
25023181
25037657
25040797
25047257
25075243
25110257
25123633
25132201
25176509
25198937
25222733
25232327
25275619
25330559
25336321
25343581
25345169
25348387
25350121
25374049
25377757
25391549
25392187
25395673
25401809
25434137
25445999
25510777
25534151
25581817
25595201
25628059
25654429
25662233
25670773
25690697
25780903
25816151
25844327
25856279
25871801
25890817
25928579
26047559
26051177
26080829
26120099
26123219
26144753
26158343
26186711
26190817
26225993
26247713
26287561
26291621
26299393
26313269
26329189
26343743
26351777
26361019
26392187
26400533
26423249
26449987
26476057
26488153
26498071
26499113
26500139
26626583
26659531
26738981
26746561
26757331
26770789
26801183
26831237
26873831
26896409
26974621
27030163
27046381
27058321
27060461
27077411
27102391
27119419
27141743
27178153
27180919
27208799
27236173
27253283
27265103
27272059
27284977
27319553
27345361
27386551
27423083
27424091
27427193
27470083
27492593
27503269
27503717
27563051
27582397
27607621
27642557
27656521
27682283
27714781
27722647
27729979
27770011
27796603
27815771
27949843
27957509
27989909
27992869
27993143
28023641
28128437
28129463
28147369
28149893
28164541
28173571
28255079
28267439
28282321
28389271
28401787
28407623
28438919
28439041
28440859
28469437
28473703
28499099
28542907
28566427
28580261
28641817
28680703
28713401
28716907
28723819
28758637
28768151
28781939
28795933
28839163
28840159
28846261
28865071
28865909
28866763
28914373
28964279
28970951
28978487
28987589
28994839
28997827
29054353
29059631
29064587
29093189
29094211
29206721
29222509
29231429
29236423
29309743
29315161
29336117
29383117
29455429
29465129
29475893
29476817
29543441
29547047
29555971
29573111
29614919
29621507
29671153
29718883
29723341
29727847
29810513
29822011
29848349
29873203
29873287
29880089
29883131
29905289
29947637
29966267
29986139
30035567
30040327
30049049
30051137
30074477
30077053
30085661
30122891
30135823
30186899
30246703
30273203
30275647
30276401
30324253
30376513
30383839
30429871
30464639
30466759
30468091
30555113
30569717
30582301
30643931
30673637
30679273
30693601
30694283
30717637
30781097
30787649
30801107
30801139
30818441
30854519
30860521
30927751
30965423
30977579
30982927
30995963
31004327
31005431
31033661
31036283
31047721
31066331
31126853
31135451
31201771
31212851
31232053
31238429
31246763
31256893
31340321
31360639
31399517
31407001
31416523
31500331
31630297
31640803
31657259
31666433
31684019
31720679
31741103
31748839
31828703
31830107
31842709
31923169
31950323
31988057
32018339
32035897
32078227
32085013
32088269
32102359
32105107
32152607
32183443
32231327
32236159
32241227
32264347
32295271
32331251
32351621
32399761
32429413
32434009
32478689
32545543
32546077
32581643
32592653
32634839
32644103
32644921
32654561
32682569
32705143
32717101
32734931
32897719
32901101
32906551
32926021
32946989
32955817
32974223
32986631
33046693
33082451
33159517
33219677
33258457
33288571
33291521
33345149
33376271
33397523
33399227
33413329
33422131
33493711
33555211
33567187
33573739
33607481
33667307
33683317
33687487
33690161
33690421
33694571
33749473
33808637
33837253
33930161
33934981
33942577
33968393
34034827
34084129
34124711
34144289
34147933
34157843
34163513
34175291
34241749
34307131
34332271
34343537
34347311
34347787
34383499
34472189
34473869
34492291
34531223
34537691
34644257
34653907
34654387
34667011
34699439
34708321
34724057
34742567
34758043
34805453
34862851
35000257
35008943
35037617
35098061
35118563
35162317
35176697
35233441
35256071
35297683
35314067
35317631
35383921
35394691
35402209
35402923
35405329
35416429
35431679
35485157
35492767
35501629
35588929
35609381
35612359
35629163
35640629
35642491
35644333
35715263
35720479
35763361
35766749
35818921
35823923
35835109
35854339
35917043
35928077
35980013
36004651
36007757
36032837
36047423
36079861
36087847
36161537
36246253
36247357
36253003
36292897
36300227
36345769
36358261
36365011
36380849
36423841
36428921
36443009
36493481
36495419
36502639
36504467
36551237
36577763
36587461
36614231
36624463
36639703
36646607
36686137
36694513
36698993
36707371
36730129
36787763
36792121
36805931
36885637
36897349
36940027
36948029
36962759
36963319
37024423
37034341
37043953
37075301
37087859
37135039
37209569
37216667
37252843
37262131
37320971
37351987
37364599
37375543
37407031
37407467
37432553
37442059
37443647
37446671
37463347
37480909
37486859
37491131
37537121
37593161
37599403
37670903
37697441
37721731
37766189
37795507
37834261
37864907
37871443
37913563
37983119
37983247
38003447
38007653
38014243
38018251
38032957
38061217
38081027
38114719
38132929
38175733
38194873
38222083
38299199
38311313
38341673
38344853
38355223
38361227
38419363
38457169
38474041
38476381
38489783
38497801
38541257
38554031
38555831
38560849
38563937
38574721
38576983
38696227
38704667
38705767
38721041
38757377
38788837
38813053
38817073
38821639
38824987
38849071
38878069
38890487
38891819
38939279
39007433
39042911
39076031
39146977
39164353
39196799
39275183
39278389
39338003
39383569
39387599
39426997
39449213
39471673
39498343
39501991
39512653
39547121
39642433
39670667
39683239
39685351
39689159
39694019
39710977
39788839
39831083
39878809
39922669
39929437
39935221
39962107
39967267
39998573
40005899
40060061
40062703
40075093
40098791
40106029
40108157
40174529
40183243
40183721
40185643
40215677
40217369
40231523
40286069
40304417
40427357
40485127
40488419
40489081
40498463
40530029
40570961
40616909
40679179
40697311
40791137
40809047
40877497
40892287
40900829
41051279
41139001
41144687
41199001
41213981
41214463
41298199
41304073
41382503
41384407
41413579
41427697
41483381
41506243
41541043
41548043
41576263
41617123
41622547
41686031
41712017
41719061
41736197
41757809
41765461
41785493
41803813
41808583
41813309
41817071
41823137
41847623
41853899
41866697
41906849
41907991
41976443
41981903
42012367
42012727
42051791
42117371
42145219
42148501
42164153
42246913
42299209
42326983
42341879
42390329
42407633
42427477
42432139
42433927
42450311
42506929
42521327
42538721
42539881
42628601
42651541
42715831
42723991
42774161
42854447
42896647
42907169
42923981
42999251
43016261
43069541
43202989
43213199
43246591
43254271
43314707
43386659
43387067
43422853
43437749
43448303
43463093
43519261
43556011
43597297
43645243
43658449
43687001
43718963
43764641
43820401
43843559
43942663
43948813
43956119
43970159
43974929
43984777
44015173
44034317
44035009
44050711
44061421
44096809
44185913
44225719
44274823
44275687
44332501
44376247
44385307
44397247
44421353
44433241
44439893
44446579
44576263
44622937
44645633
44685493
44739349
44787331
44812619
44858977
44866447
44878489
44901061
44932117
45009269
45032003
45033679
45069917
45070061
45134939
45151181
45188267
45201727
45226759
45313187
45370447
45383479
45394837
45409211
45430303
45451789
45527569
45560927
45579257
45634591
45637667
45660149
45675629
45682271
45717907
45724403
45752617
45765047
45795851
45806329
45814487
45835561
45868919
45912541
46002457
46028581
46030909
46046017
46098979
46132771
46170721
46185263
46228877
46239241
46250437
46308727
46321399
46340479
46359757
46363789
46395119
46398493
46434431
46435009
46551907
46580813
46587917
46619981
46634381
46643147
46644761
46701649
46790693
46791299
46802911
46815133
46824593
46829677
46842947
46861289
46875253
46979123
47075477
47124299
47160779
47202581
47229761
47234489
47253649
47269009
47305091
47387377
47397307
47410717
47418023
47483591
47484989
47526727
47531359
47542043
47542543
47595077
47603159
47622331
47684597
47687779
47749367
47768689
47773547
47857547
47880419
47951623
48032657
48058009
48073583
48092381
48142253
48176581
48185923
48193807
48242333
48283681
48376513
48435311
48574633
48607079
48627101
48633677
48655121
48712627
48733073
48743537
48812161
48858727
48860881
48873941
48901967
48955943
49062311
49072883
49088107
49125581
49125757
49167929
49197373
49256029
49320197
49344739
49383437
49429381
49436209
49470233
49537361
49592159
49601369
49625869
49677917
49686727
49735403
49736861
49737539
49774633
49803497
49806817
49816801
49909267
50000581
50023283
50108599
50115431
50261369
50261527
50271461
50321879
50324447
50344909
50380247
50480923
50480993
50520763
50540221
50541857
50566541
50599039
50599321
50610229
50652029
50652359
50766253
50848073
50865349
50872079
50874899
50933609
50954777
50954951
50962909
50965139
51025363
51045751
51091363
51206401
51217399
51252661
51270847
51281903
51343619
51453739
51495617
51521317
51535247
51570413
51717917
51727997
51748447
51780049
51825589
51905681
52021861
52082699
52115137
52357069
52357651
52420747
52520357
52588847
52695689
52890031
52896289
52980877
53009441
53245099
53321621
53401589
53409233
53465569
53534749
53604373
53686861
53708807
53823677
53868527
53877739
53904281
53947559
53987981
54047177
54086927
54092989
54296171
54309209
54342311
54345029
54413479
54476273
54532271
54647269
54688429
54704081
54743699
54829139
54850273
54886457
54919603
54921121
54922069
54930053
54949361
55014691
55017247
55029131
55060933
55084807
55168577
55191889
55246469
55254559
55288589
55303949
55304317
55320781
55324259
55384033
55438727
55490987
55503803
55523011
55587397
55666931
55765013
55860089
55876811
55885729
55925509
55928843
55929691
55935773
55965193
55993013
56030131
56060791
56093927
56130799
56132477
56202269
56268967
56294647
56317531
56331377
56403439
56448341
56458009
56465153
56465681
56470577
56550187
56556047
56571523
56584379
56807579
56822657
56830453
56859791
56926657
56949203
57060461
57066283
57154753
57221743
57226979
57238309
57255463
57308759
57371437
57374773
57377539
57381301
57401203
57416987
57540649
57549893
57588127
57736517
57736531
57806449
57864809
57955069
57987773
58011311
58026803
58065643
58106177
58169743
58181923
58250107
58432931
58438073
58439203
58443971
58462367
58509109
58557137
58579097
58623869
58634837
58768531
58788857
58807327
58829363
58876823
58880147
58887113
58888631
58890407
58945499
58947331
58999063
59064263
59111639
59234057
59245009
59249791
59267917
59305343
59346613
59406709
59424811
59426267
59529137
59533381
59535709
59549167
59565991
59606627
59618189
59748277
59761217
59770939
59772571
59783807
59797337
59800537
59833133
59879489
59951791
59985257
60109129
60112049
60137549
60164959
60188027
60222133
60262379
60379547
60395287
60438137
60439231
60557843
60576053
60589667
60628957
60630617
60632009
60653731
60678637
60681581
60688267
60700667
60776693
60789247
60836411
60874097
60875461
60960323
60966337
61077971
61123669
61146469
61191173
61198087
61246967
61319383
61347313
61371157
61373119
61403939
61425211
61440341
61586977
61641259
61650367
61702787
61721327
61826053
61841719
61845559
61849223
61871527
61915769
61936829
61957733
61969307
61996393
62050403
62121443
62134271
62134421
62160877
62162117
62168549
62225599
62233091
62345351
62357077
62372087
62382241
62387081
62408069
62420231
62462039
62515067
62553563
62561593
62631109
62710009
62735203
62735747
62747401
62806811
62839457
62857519
62860621
62889097
62920399
62923097
62943689
62953837
62971331
63007303
63028309
63041809
63076697
63193387
63220231
63293479
63294481
63313427
63355883
63356567
63417931
63444893
63600343
63857891
63932047
63939433
63975389
63991271
64049101
64086653
64197377
64234831
64310251
64352081
64577167
64586573
64608091
64671427
64730557
64757887
64873631
64878637
64971857
65129861
65161781
65179123
65189507
65218981
65227639
65307757
65328881
65560043
65580371
65594149
65597057
65620033
65688121
65733641
65758321
65817967
65825759
65832047
65862439
65910461
65957173
65960857
65974903
66011999
66030851
66069461
66095521
66157933
66241157
66321631
66332807
66363697
66398581
66478171
66496369
66534071
66540037
66579127
66606247
66649171
66656521
66712741
66734093
66759811
66780139
66799157
66808733
66852179
66875593
66888167
66891977
66925279
66973967
66975187
66993649
67000657
67042321
67068061
67082723
67183177
67222801
67227547
67230983
67269781
67274027
67293211
67353661
67389419
67410521
67431643
67541893
67555589
67618069
67646819
67648333
67716167
67725617
67738051
67765507
67771181
67777789
67874161
67898443
67902889
67920971
68034347
68038193
68051573
68085071
68087647
68097749
68180407
68202313
68205047
68212609
68349917
68358041
68402093
68403397
68451293
68456203
68462629
68465003
68484839
68523263
68525203
68633249
68642347
68694449
68709601
68750351
68902787
69049303
69110399
69141029
69215873
69269561
69281479
69282319
69311663
69368807
69388573
69451357
69505087
69568553
69579553
69631691
69678811
69689947
69692339
69726011
69781409
69783559
69793673
69801701
69816419
69817133
69858317
69910067
69983743
69986701
69988279
69999229
70011973
70041781
70052399
70098629
70155931
70184467
70352831
70388639
70450199
70453351
70503001
70518887
70604101
70615999
70647611
70674719
70777891
70795201
70816127
70825609
70893127
70902977
70943297
70989227
71020847
71041601
71098061
71171483
71240423
71284673
71316653
71341001
71389567
71468197
71489003
71511001
71549743
71563127
71566897
71645003
71742701
71852821
71864437
71926067
72010987
72033287
72078607
72084949
72104521
72162877
72191437
72224021
72241937
72278369
72374437
72382781
72385127
72386099
72536111
72735043
72755149
72756977
72864707
72874163
73034807
73046821
73140097
73163347
73205801
73296263
73313287
73331267
73382173
73487411
73550773
73594067
73600277
73701349
73729613
73779553
73814053
73891193
73924229
73943729
74010121
74199383
74287651
74296097
74323237
74340757
74630641
74639857
74669143
74728163
74755999
74762921
74780033
74818069
74864261
74916097
74962711
74996893
75075283
75156611
75170477
75206477
75316603
75352213
75355001
75378971
75426629
75462679
75476953
75519473
75702397
75709301
75742181
75755863
75865121
75961363
75966851
76274213
76280803
76284889
76357363
76374293
76409161
76448341
76582481
76600129
76642129
76687217
76697629
76758329
76874801
76969933
77010767
77099327
77160283
77198167
77289227
77294839
77295661
77296013
77345693
77354857
77371769
77422421
77440633
77446961
77447323
77456861
77488687
77503273
77593561
77609803
77619961
77627629
77662093
77693101
77751493
77794069
77892161
77892337
77974367
78029587
78080987
78091357
78103019
78188849
78217603
78270307
78284417
78290701
78292927
78301681
78306223
78375013
78503743
78611537
78646837
78658369
78753853
78768719
78951029
79042151
79066139
79081523
79256951
79322681
79322933
79374307
79474159
79540607
79574797
79612349
79655119
79657423
79664999
79666289
79667131
79695611
79732637
79779703
79790147
79844371
79871279
79937981
79998799
80071249
80127373
80143093
80169461
80299421
80375579
80440181
80468903
80505143
80581681
80601007
80642477
80711849
80782571
80920421
81009601
81081107
81091561
81153463
81247849
81260243
81285481
81286757
81291667
81293809
81329761
81355049
81429737
81515939
81558031
81561533
81603647
81680251
81702823
81760799
81767219
81790931
81812987
81858377
81867761
81897713
81899687
81929297
82006343
82051423
82072321
82074191
82131473
82147993
82151897
82259909
82281803
82295407
82330709
82474759
82482313
82519093
82522157
82714669
82778881
82815017
82891969
82921703
83004617
83074939
83130599
83149019
83179189
83209739
83216141
83218453
83239843
83279639
83282651
83283209
83309881
83337409
83358893
83365211
83382491
83397313
83449609
83456567
83474357
83477851
83564011
83636263
83900413
84074603
84105467
84248551
84395573
84489161
84503383
84569279
84594449
84680863
84707261
84774331
84792563
84798179
84959429
85015807
85138699
85209811
85250773
85271689
85296251
85305361
85364941
85477663
85483159
85488041
85585891
85598543
85608353
85747897
85852177
85862113
85910879
85949209
85973527
85974481
85991393
86032633
86054473
86087777
86146499
86173589
86213627
86217119
86266241
86372051
86377483
86446601
86447407
86563759
86598899
86727391
86897537
87235501
87364843
87367157
87528059
87642923
87669839
87830269
87916831
87975443
88017263
88063967
88130407
88173343
88195979
88196623
88214051
88225133
88392173
88410809
88527193
88582367
88646179
88783207
88824217
88865177
88929877
88981261
89048651
89235851
89256539
89342371
89508547
89601719
89715497
89717123
89730229
89762599
89796667
89803933
89819813
89950423
90002113
90166577
90175049
90211871
90288767
90406033
90520489
90542717
90601957
90720563
90732377
90809671
90824273
91198739
91230941
91278241
91439443
91529497
91529573
91715227
91729789
91740323
91770059
91786733
91881509
91954193
91959961
92052533
92140963
92177329
92222657
92242933
92245583
92288983
92318201
92516549
92672891
92870969
92899927
92967263
93044377
93058783
93157793
93290363
93395083
93414379
93419653
93476809
93566771
93571769
93679123
93684533
93687263
93707693
93752279
93787081
93803357
93835939
93943417
94006993
94131151
94313143
94399927
94584811
94645781
94692217
94745939
94818743
94833763
94861817
94881119
94921831
94990421
95067523
95069059
95081887
95128997
95304577
95321899
95354549
95430763
95519531
95526901
95595083
95660311
95753137
95788243
95789857
95799733
95806649
95883397
95902999
95928737
96020059
96075769
96129601
96145373
96172469
96269993
96287797
96402829
96408661
96409699
96422357
96460289
96476447
96481093
96526037
96661889
96719387
96837803
96968671
97014397
97117589
97152439
97210033
97280189
97423217
97439369
97500527
97570679
97598141
97606331
97710709
97738747
97846039
97869491
97900991
97983307
98154739
98277163
98290111
98307563
98323523
98347789
98360429
98405051
98440477
98444153
98483417
98538971
98686187
98767247
98829473
98863649
98881697
98995201
99133633
99216827
99233093
99363647
99371029
99447937
99477229
99700697
99812107
99843847
99934501
100009523
100024459
100116589
100152079
100199107
100227749
100289113
100309597
100321321
100430153
100435243
100563539
100573433
100582579
100583257
100590991
100609057
100649267
100665839
100693051
100861127
100989817
100998977
101009809
101028329
101029111
101046697
101087381
101171033
101201281
101241743
101349823
101500811
101633549
101780363
101850631
101880901
102032141
102089357
102311597
102359113
102503417
102504151
102524951
102710551
102753103
102818423
102821623
102823537
102836311
103040141
103082081
103178539
103188343
103329749
103360087
103521217
103704499
103729547
103759121
103796731
103828567
103838681
103862413
104076787
104141041
104246393
104317739
104349877
104436517
104548889
104587121
104653301
104654107
104748173
104861027
104930533
104960333
104964451
105018769
105165677
105254711
105412793
105530827
105546317
105714431
105773387
105802861
105828143
105838129
105884957
105909277
105960083
105971521
105995863
106108003
106140361
106200713
106266263
106271677
106380163
106432567
106799039
106932769
106982153
107058499
107082253
107167909
107268247
107327551
107355797
107399317
107461703
107502749
107555887
107564759
107668937
107783987
107831159
107891039
108027937
108177877
108234499
108479827
108655571
108661921
108696779
108793103
108833369
108877787
108932749
109053379
109118629
109141211
109141519
109230053
109261147
109361729
109378637
109421891
109612439
109888213
109953203
110284663
110324579
110545423
110555059
110621869
110942147
111125233
111153083
111174097
111219551
111277339
111387739
111470089
111564469
111568043
111617353
111645451
111781781
112032163
112066763
112118833
112213357
112254767
112299871
112372283
112440943
112454911
112647973
112784999
112803037
112939433
112977421
113113271
113376101
113383519
113427749
113451757
113528711
113567501
113574133
113693449
113786429
113897281
113904787
113944361
114055441
114250481
114262139
114376579
114516917
114532333
114552913
114580007
114626723
114782231
114879763
114905443
115082453
115103393
115112047
115182149
115238569
115313021
115333067
115345211
115443437
115488073
115500019
115575413
115610461
115613977
115622231
115661083
115663271
115698047
115705169
115725431
115773641
115802849
115832953
115894211
115916599
116024131
116236907
116284177
116295703
116342497
116394067
116403379
116405869
116419309
116570483
116617871
116617987
116802797
116967569
117097459
117225551
117307693
117363017
117400243
117439169
117528833
117553739
117568081
117652729
117767207
117779041
117968377
117988399
118095007
118102363
118197773
118217893
118379257
118387487
118459511
118489979
118703953
118804781
118857373
118946029
119001329
119049367
119184097
119290777
119307109
119334517
119389363
119497451
119578231
119641573
119667749
119717797
119740297
119752693
119938939
120074347
120089623
120094927
120174503
120270259
120397829
120472039
120499237
120701579
120781187
120816911
120895057
120955733
121018061
121200929
121249267
121260533
121497263
121527727
121589717
122175803
122336051
122521457
122640187
122662181
122706589
122761459
122775383
122780653
122842669
122925911
122959307
123036629
123081587
123286909
123297301
123315937
123378301
123485149
123503243
123648379
123840419
123937139
124064777
124130233
124212499
124282637
124421917
124610137
124732943
124755263
125179861
125221573
125276681
125329961
125368559
125450771
125534323
125555719
125571487
125626307
125639959
125696017
125708257
125802917
125920747
125934031
126067309
126238939
126252253
126326437
126373627
126562451
126636647
126729569
126764917
126778471
126821801
126862093
126945367
127150063
127291457
127553633
127560481
127738327
127742701
127778459
127811557
127889887
127933537
127950623
128119009
128154497
128252893
128413261
128415283
128558887
128631281
128817901
128839289
129025021
129165793
129204347
129424871
129489473
129494041
129566471
129575543
129604369
129665317
129673319
129689633
129789379
129885073
130077757
130120337
130176493
130220581
130243877
130301201
130313927
130523821
130544927
130550963
130559311
130621891
130691159
130790389
130920443
130943447
131030399
131124029
131172707
131197277
131222849
131280719
131421779
131482529
131508469
131539901
131549989
131558837
131577469
131654447
131657467
131799307
131919653
131964803
132050587
132162353
132171679
132303263
132384299
132461423
132474413
132627193
132652489
132795107
132879793
132926881
132959143
133041151
133043857
133088317
133311743
133439539
133521503
133527217
133557283
133595971
133820497
134091091
134120431
134125861
134181491
134248379
134271931
134321689
134407019
134450747
134465791
134466239
134491867
134498531
134626241
134822399
134895841
134990509
135100223
135108317
135130703
135137099
135248339
135373087
135425239
135495011
135537671
135606109
135839369
135851381
135873893
135875059
135994249
136104223
136110151
136168919
136386709
136591187
136643303
136764569
136917773
137042137
137254297
137364259
137371379
137441071
137539771
137722927
137780017
137812313
137932021
138219143
138320899
138374993
138457903
138472603
138660191
138669521
138670057
138688747
138860857
139248881
139310401
139461941
139511213
139613521
139642819
139758089
139975609
140205347
140464609
140556149
140577211
140903093
140960087
140962163
141205367
141262241
141353383
141537709
141541739
141712861
141742457
142098329
142217939
142238353
142245293
142256267
142366181
142490563
142541171
142601317
142623847
142730723
142799599
143036837
143069621
143126429
143160091
143224561
143358529
143533591
143562031
143575121
143633957
143801389
143804527
143862377
144027761
144073393
144094001
144105881
144107941
144149779
144251753
144502117
144579893
144741683
144788737
144856837
144999563
145028099
145053127
145062019
145146571
145408579
145618951
145622993
145673413
145769453
145876183
145951499
145953887
146064349
146108687
146190437
146205923
146293561
146338961
146355457
146395307
146571629
146802413
146809853
146854577
147033547
147069287
147103577
147135941
147379159
147423403
147607769
147738221
147929407
148145819
148181359
148261441
148279997
148419701
148425791
148662193
148709189
148887217
148944797
149245157
149245823
149296663
149474131
149569379
149589703
149629097
149785771
150078029
150084481
150169489
150180379
150258919
150464129
150624511
150727903
150846571
151275953
151388317
151545613
151548941
151574053
151576807
151659029
151711531
151798469
151830209
151846973
151861217
151891711
152085811
152092547
152434297
152491943
152621039
152886619
152960161
153046627
153130799
153161909
153175579
153202411
153266507
153399091
153424021
153447409
153469339
153654409
153725471
153833047
154065529
154095569
154252243
154336909
154525277
154591133
154935931
154982929
155147683
155160917
155174587
155179411
155231803
155678977
155790641
155816051
155931203
156050113
156375623
156424949
156654401
156728953
156823211
156852907
156930517
157009199
157160207
157310929
157319131
157394051
157405603
157684253
157901327
158026807
158387813
158728069
158954269
159179981
159195217
159325759
159339077
159470609
159609199
159895501
159906217
160123423
160316537
160409009
160434301
160616683
160809569
160839527
160891747
160945619
160998973
161173289
161175647
161425079
161524031
161571547
161571779
161604259
161705023
161768153
161911801
162108901
162153829
162260953
162350509
162518003
162530561
162544087
162655429
162678433
162915217
163226771
163356541
163462421
163481771
163526641
163577521
163758241
163867399
164122111
164304487
164320609
164374153
164645177
164720509
164803813
164827049
164938519
165149879
165270509
165353117
165420559
165690521
165694591
165804371
165973069
166053499
166155571
166178501
166212413
166286009
166357969
166417099
166426633
166473431
166639093
166855349
167127601
167144137
167213869
167401217
167711471
167743171
167852081
167961551
168015649
168244807
168406279
168521447
168537053
168625073
168717589
169149557
169169773
169174207
169314991
169328839
169563767
169679401
169707403
169806697
170003291
170447713
170493439
170698597
170791567
170823581
170842993
170866979
170920147
171281423
171814039
171957521
172133329
172134647
172514383
172563113
172884653
172912807
173234753
173298421
173307389
173330371
173349203
173783257
173874469
174001547
174311219
174468311
174871381
175162529
175445059
175536811
175641839
175647497
175763759
175808093
176092039
176134421
176348639
176414839
176471131
176481731
176561659
176580641
176611003
176640649
176906791
176907127
177076321
177098267
177445381
177497813
177623519
177640873
178072171
178152463
178276313
178282067
178284037
178378511
178406237
178469287
178544141
178579787
178633951
178635461
178662569
178676387
178881629
179036233
179123159
179124773
179245097
179309147
179849431
180300971
180366149
180425213
180443369
180958117
181074367
181331237
181349263
181479163
181504607
181590407
182031079
182222791
182249477
182292991
182543771
182780599
183168103
183371101
183434311
183508033
183522761
183616079
183683527
183745259
183848393
183852787
183863051
184206643
184218277
184319651
184497361
184918739
185011091
185227841
185279747
185285281
185360759
185452117
185726521
185772263
185909051
186298867
186324179
186430987
186486593
186543293
186580637
186704669
186706283
186763769
186960601
187084453
187317511
187444727
187505161
187517809
187621493
187649783
187676729
187778783
187816043
187969499
187996169
188677397
188883571
189057403
189141347
189161239
189541987
189573877
189681091
189921323
189925721
190009159
190150871
190243873
190376341
190438979
190678399
190716703
191139187
191400337
191597243
192545209
192719767
192986837
193025267
193247129
193484341
193519127
193692181
193748293
193809857
193885891
194012243
194153119
194155427
194407853
194632313
194917603
195012299
195053437
195869467
196040813
196193587
196282783
196334119
196392667
196420199
196589563
196692281
197180239
197610947
197813857
197950997
198088043
198093349
198293731
198535853
198713953
199061953
199225423
199295819
199945271
200041201
200287511
200665141
200689507
200732767
200752661
200809463
200907229
201019193
201080387
201570871
201758273
201971929
202536629
202568221
202661759
202782637
202951009
203393779
203441653
204107921
204312629
204390047
204489011
204556409
204561037
204658339
204751039
204887269
204929519
204959471
205186789
205557059
205903037
206036423
206175997
206415569
206427731
206924129
206927057
207308701
207474469
208145087
208321367
208776049
209067823
209116931
209164489
209466527
209942059
210261703
210405227
210601381
210741721
210913757
211457887
211693927
211789793
212999993
213343133
213345641
213485039
213504569
213697733
214349197
214382141
214571543
214664231
215031199
215853343
216205747
216340757
216419023
216615299
216880207
217357463
217615771
217815817
218154689
218179783
218265409
218465633
218587637
219045977
219183851
219328847
219406589
219626789
219793381
220487677
220547293
220894901
220935041
221327279
222216817
222468731
222810101
222963649
223007413
223449319
223691623
223828343
225079913
225254311
225572509
226300453
226604771
226917451
226972723
227157263
227406191
227421977
227784923
228312587
228760951
229565423
229872743
230096257
230630713
230887541
231111473
232079443
232304909
232470109
232521637
233118737
233159161
233625229
233732713
233963647
234071099
234211451
234261067
234329371
235190687
235614761
235671419
235701523
235799167
235893659
236367367
237174911
237937451
238464571
238554079
238715977
238939567
239327027
239329577
239428817
239776921
240277729
240306061
240389993
240823711
240996859
241238633
241307153
241503077
241710817
242353919
243246979
243404179
243522491
243724357
243983567
244574899
244636787
244651139
244711477
244952777
245070547
245644171
245670881
246833273
246977149
247109521
248362273
248446333
248522591
248852623
248882497
250018033
250398691
250457131
250537151
250875539
250966679
251303947
251318797
251428711
251451983
251489729
251546657
252575887
252629803
252672023
252682613
253053137
253247021
253455589
253730833
253958113
254121631
254414249
255247961
255856339
255885079
256080607
256085107
256126477
257096261
257454773
258272141
258507329
258545951
258807421
259202201
259791523
260165683
260882431
262355707
262732549
263054027
263157953
263948063
264000487
265241869
265838141
265973479
266600141
267071149
267273023
267623177
267864637
268236037
268887527
270322691
271342681
271431499
272639893
273000313
273639001
273828017
276285497
276519443
277253497
278125537
279038581
280431733
280931117
281119331
281940467
283106771
283414921
283828037
284873297
289300499
291103367
291145069
292307009
294587941
