26
95
118
123
143
161
205
213
215
217
274
301
323
346
358
411
481
485
493
511
514
517
551
573
597
698
737
745
753
785
831
838
849
862
869
943
974
1006
1046
1079
1099
1101
1126
1133
1189
1207
1211
1219
1238
1271
1343
1355
1371
1418
1441
1461
1502
1565
1591
1651
1679
1691
1727
1762
1763
1781
1807
1821
1843
1895
1945
1963
1969
2042
2101
2117
2123
2167
2227
2231
2271
2326
2386
2419
2453
2513
2533
2537
2561
2587
2606
2611
2627
2651
2723
2735
2747
2773
2811
2827
2841
2906
2947
2962
2966
2978
3005
3035
3071
3134
3155
3223
3241
3263
3269
3314
3383
3386
3387
3409
3427
3551
3554
3647
3667
3743
3778
3785
3831
3845
3891
3902
4063
4169
4279
4299
4309
4317
4435
4443
4471
4479
4535
4579
4593
4601
4609
4619
4633
4681
4739
4819
4857
4859
5053
5089
5095
5123
5249
5267
5287
5435
5489
5509
5539
5543
5597
5629
5637
5645
5723
5771
5789
5899
5919
5921
5941
5983
6017
6077
6185
6259
6289
6313
6415
6443
6485
6503
6617
6635
6649
6667
6751
6817
6839
6893
6913
6941
6943
7051
7073
7081
7091
7165
7261
7265
7327
7387
7439
7471
7571
7601
7627
7715
7807
7813
7939
7979
8003
8033
8071
8129
8143
8333
8335
8371
8411
8483
8485
8519
8545
8593
8603
8611
8717
8791
8843
8891
8899
8939
8981
9155
9223
9229
9535
9611
9701
9707
9881
9979
9983
10001
10171
10183
10219
10249
10279
10379
10447
10489
10577
10801
10811
10849
10931
10961
10981
11089
11107
11401
11513
11653
11663
11683
11791
11797
11857
11879
11899
11917
12013
12067
12077
12127
12151
12229
12353
12389
12449
12469
12523
12563
12667
12913
12929
13021
13031
13139
13333
13423
13531
13561
13571
13661
13777
13849
13891
13939
14017
14089
14099
14111
14257
14263
14971
14977
15011
15151
15167
15347
15577
15703
15769
15829
15871
16003
16021
16043
16151
16157
16243
16307
16309
16327
16397
16469
16559
16601
16627
16637
16697
16739
17063
17113
17243
17369
17453
17617
17693
17873
17953
17993
18001
18091
18167
18299
18383
18589
18629
18649
18659
18703
18763
18881
19039
19093
19111
19151
19277
19589
19633
19639
19667
19799
19909
20131
20191
20281
20309
20429
20437
20467
20527
20557
20581
20669
20689
20711
20777
20791
20803
20851
20861
20869
20917
20969
20971
21029
21113
21127
21293
21311
21643
21709
21887
21947
21971
22007
22009
22081
22217
22417
22493
22513
22663
22703
22949
23077
23147
23207
23383
23393
23413
23423
23651
23711
23713
23791
24011
24289
24301
24377
24463
24523
24587
24589
24601
24637
24721
24779
24839
24901
24911
24931
25187
25241
25393
25507
25511
25559
25681
25757
25807
25811
25853
25891
25967
26087
26149
26231
26333
26519
26549
26639
26651
26749
27319
27373
27451
27499
27593
27613
27719
28121
28241
28267
28361
28421
28531
28583
28733
28849
28877
28943
29047
29441
29681
29699
29773
29849
29923
29951
30101
30209
30379
30421
30439
30451
30607
30617
30623
30761
30787
30887
30907
30973
30997
31351
31411
31561
31597
31613
31673
32047
32093
32161
32317
32399
32419
32447
32489
32663
32677
32819
32959
33109
33139
33421
33727
33763
33779
33959
33977
33989
34003
34007
34339
34547
34577
34933
34997
35029
35239
35501
35587
35681
35713
35719
35909
36077
36143
36199
36317
36371
36391
36581
36991
37127
37207
37283
37319
37343
37459
37601
37603
37669
37721
37753
37777
37787
37931
38111
38347
38359
38383
38503
38581
38587
38827
38881
38939
39001
39059
39101
39173
39271
39331
39731
39833
39959
40021
40219
40297
40319
40457
40631
41029
41071
41099
41137
41207
41383
41471
41527
41563
41623
41747
41773
41917
41929
42241
42431
42479
42587
42869
43091
43171
43243
43363
43507
43601
43619
43679
43723
43819
43921
44039
44287
44423
44567
44747
44881
44923
45047
45187
45313
45347
45349
45473
45527
45559
45583
45709
45919
45937
46003
46031
46129
46169
46367
46883
46979
47071
47261
47273
47347
47401
47461
47561
47627
47849
48007
48227
48329
48361
48493
48617
48683
48707
48911
48941
49073
49337
49501
49513
49817
49897
49969
50009
50107
50189
50203
50257
50419
50563
50569
50693
50801
50879
50927
51041
51089
51377
51523
51743
51841
51983
52099
52357
52469
52477
52621
52651
52771
53203
53357
53387
53483
53497
53587
53663
53983
54029
54107
54233
54239
54391
54529
54619
54641
54731
54823
54931
55019
55129
55183
55507
55567
55961
56047
56587
56621
56717
57451
57461
57479
57671
57683
57763
57833
57887
58001
58529
58651
58739
58759
58819
59117
59201
59531
59749
59803
59821
59987
60371
60377
60409
60481
60713
61067
61181
61207
61213
61753
62269
62479
62729
62789
62977
63169
63187
63619
63851
63881
63967
63979
64093
64159
64219
64289
64517
64703
65017
65081
65321
65363
65369
65861
66013
66203
66257
66397
66581
66611
66727
66779
67069
67159
67313
67591
67877
67897
67981
68093
68513
68557
68569
68617
68641
68693
68911
69059
69089
69611
69617
69679
69703
69791
69871
69893
69961
69973
70391
70513
70591
70787
70801
70859
71221
71447
71609
71651
71657
71767
71969
72041
72203
72209
72263
72311
72343
72419
72511
72517
72697
72803
72829
72833
73349
73427
73481
73499
73519
73657
73793
73817
73861
73981
74117
74467
74479
74519
74539
75043
75359
75457
75587
75637
75737
75839
76033
76187
76189
76319
76327
76409
76451
76523
76709
76793
76877
76933
77057
77059
77087
77117
77173
77683
77837
77953
78077
78103
78161
78667
78731
78917
78937
78971
79099
79109
79129
79369
79463
79897
80057
80083
80159
80411
80653
80837
81007
81161
81589
81661
81721
81989
82097
82871
82919
83123
83441
83507
83593
83711
83753
83767
83851
83989
84023
84367
84529
85273
85339
85409
85499
85763
86329
86347
86419
86483
86747
87127
87163
87169
87463
87467
87497
88139
88313
88441
89279
89377
89423
89461
89543
90113
90449
90479
90553
91087
92011
92047
92273
92441
92819
92903
93073
93227
93367
93389
93421
93437
93547
93593
93749
94051
94319
94489
94579
94637
95321
95351
95453
95521
95677
95681
95861
96241
96413
96617
96683
96869
96871
97049
97763
97897
98069
98071
98201
98701
99227
99269
99353
99403
99457
99677
99893
100007
100259
100637
100679
101011
101083
101443
101659
102287
102313
102617
102721
102821
103253
103273
103429
103847
104171
104333
104449
104809
104887
105163
105169
106147
106247
106741
106891
106933
107131
107299
107399
107501
107753
107879
107993
108047
108323
108331
108599
108763
108853
108931
109099
109129
109489
109861
109931
110137
110213
110387
110743
111257
111311
111313
111451
111763
111899
111901
112037
112109
112141
112373
112513
112711
112733
113249
113299
113669
113671
114139
114403
114523
114683
114707
114871
114911
115187
115229
115439
115517
115543
116003
116183
116213
116267
116383
116521
116617
116761
117049
117067
117749
117791
118049
118073
118193
118319
118477
118919
119261
119507
120203
120389
120881
120961
121103
121243
121273
121337
121663
122123
122191
122197
122431
122459
122539
122767
122933
123359
123371
123463
123467
123523
123623
123889
123919
124009
124169
124417
124639
124711
125011
125033
125089
125129
125179
125849
125893
125903
126053
126073
126163
126187
126277
126367
126727
126887
127097
127117
127201
127573
127987
127991
128081
128243
128417
128423
128753
128783
128897
129271
129359
129799
131141
131377
131407
131419
131737
132271
132359
132479
132521
132581
132593
132841
133249
133267
133307
133547
133667
133849
133867
133891
133897
134003
134119
134429
134549
134671
134969
134971
135323
135529
135761
135823
136007
136699
136831
136837
137023
137129
137327
137441
137497
137531
137561
137611
137939
138013
138109
138169
138751
139057
139103
139207
139259
139651
140033
140113
140347
140359
140537
140801
140807
140851
140941
141733
142309
142451
142621
142741
142847
143861
143989
143993
144097
144113
144401
144587
144691
145157
145499
146089
146287
146453
146551
146753
147599
147691
147701
147911
147989
148007
148033
148237
148261
148607
148697
149137
149273
149581
149621
149671
149797
149951
150187
150419
150421
150463
150793
150971
151751
151979
152149
152557
152701
153061
153163
153347
153397
153677
153707
153821
153943
154013
154051
154129
154361
154379
154393
154421
154433
154801
154901
155633
155791
156187
156367
156433
156773
156889
156983
157237
157601
157979
158183
158413
158549
158569
158701
159043
159893
159959
159967
160477
160571
161131
161261
161311
161647
161677
161699
161767
161927
161929
162179
162193
162433
162599
162607
162871
162961
163123
163391
163511
163963
164221
164327
164347
164573
164651
164693
164867
164903
165647
165787
165839
165923
166139
166291
166559
166879
167171
167357
167473
167477
167513
167579
167723
167833
168101
168187
168221
168379
168503
168923
169087
169381
169931
170117
170507
170671
170771
170789
170803
170993
171287
171463
171499
171859
171901
171907
171967
172163
172591
172769
172789
172967
173203
173287
173323
173353
173441
173611
173639
173753
173801
173837
174253
174497
175031
175577
175717
176993
177029
177329
177503
177607
177659
177673
177833
178051
178237
178499
179077
179329
179449
179609
179731
179747
179941
180049
180209
180373
180517
180577
180737
180923
180991
181427
181799
181807
181901
182069
182317
182383
182527
183269
183401
183457
183811
183899
184339
184453
184549
184819
184883
185417
185461
185617
186079
186467
186533
186623
188059
188101
188453
188557
189191
189419
189611
189667
189923
190237
190453
190643
191011
191263
191377
192139
192419
193351
193829
194011
194321
194573
194797
194969
195031
195361
195487
195499
195647
195803
196219
196967
197039
197111
197177
197303
197627
197993
198353
198983
199279
199369
199789
199963
200027
200623
200653
200803
201017
201083
201631
202199
202801
202919
203059
203257
203689
203831
204037
204229
204541
204577
204823
204863
205217
205273
205511
205577
205801
207047
207313
207631
207929
207937
208079
208181
208531
208693
208823
209999
210503
210971
211391
211411
211901
212137
212197
212213
212321
212351
212389
212441
212647
212711
212887
213293
213793
213841
214001
214873
215071
215107
215263
215311
215429
215609
215779
215933
216331
216673
216691
216793
217127
217507
217799
217843
217871
218369
218639
219337
219403
220349
220991
220993
222049
222119
222529
222569
222631
222769
222821
223343
223393
224381
224407
224671
225047
225451
225559
225763
226687
226781
227119
227963
228121
228343
228727
229039
229297
229367
229643
229667
230039
230509
230731
231157
231377
231397
231499
232229
232273
232327
232447
232831
232949
232993
233099
233459
233531
233539
234109
234373
234569
234779
235913
235993
236123
236161
236281
236953
237049
237697
237803
238283
238379
238541
238913
239443
239777
240223
240313
240697
240847
241057
241139
241159
241949
242149
242537
242587
242717
242861
243043
243169
243283
244417
244609
244679
245459
245677
245797
245809
246431
246751
246881
246887
247417
247441
247883
248023
248363
249247
249559
249817
250297
250567
250661
251021
251213
251599
251687
251717
252053
252299
252347
253163
253219
253991
254203
254333
254483
254497
254531
254549
254563
254701
254921
255109
255319
255373
255433
255817
256247
256549
256559
256583
256691
256727
256999
257119
257129
257149
257167
257291
257597
258059
258239
258397
258719
258749
259073
259283
259871
259979
260203
260237
260261
261007
261049
261097
262159
262279
262571
262907
262919
262961
263447
263771
264373
264457
265061
265679
265817
266311
266963
267149
267151
267181
268027
268423
268577
269509
269677
269699
269861
270301
271081
271391
271547
271669
271721
271741
271781
272551
273089
273571
273607
274327
275369
275857
276149
276193
277033
277103
277141
277289
277553
278077
278153
278189
278297
278359
278449
278567
278693
279677
279827
279833
280087
280123
280151
280667
280739
280757
281101
281399
281569
281987
282263
282479
282521
282803
282823
283189
283333
283931
283963
284327
284569
284849
284891
285217
285577
285653
285847
286621
286709
286933
286969
287213
287447
287467
287531
288011
288619
288737
288787
288863
289301
289307
289321
289441
289703
289813
289907
290089
290231
290569
290893
291133
291233
291323
291407
291451
291461
291527
291581
291607
291931
291937
292421
292889
292939
293281
293297
293383
293563
293627
293753
293927
293977
294517
294533
294583
294719
294739
295091
295739
296311
296671
296867
298267
298421
298751
298957
299939
300031
300767
300829
301099
301187
301229
301337
301519
301541
301837
301981
302083
302699
303047
303349
303557
303799
304121
304237
304319
304321
305519
305941
306227
306601
307133
308417
309151
309203
309229
309563
310033
310151
310207
310253
310309
310351
310543
310841
311119
311573
311863
312079
312181
312733
312791
313043
313051
313141
313759
314147
315023
315397
315463
315863
316049
316247
317677
317761
317939
318509
318827
318961
319559
319793
319843
320347
320987
320993
321599
321703
321883
321899
321967
322577
322691
322723
323179
323429
323881
324041
324367
325067
325139
325547
325733
326803
326861
327653
328313
328487
328963
329113
329377
329447
329839
329911
330263
330301
330461
330601
330937
330949
331117
331139
331363
331477
332239
332483
332621
332897
333163
333167
334307
334409
334657
334703
335233
336187
336337
336751
336907
337273
337523
337591
338101
338189
338311
338363
338519
338983
339197
339281
339721
339883
339893
340097
340343
340433
340553
341317
341387
341519
341689
341741
341923
342029
342311
342439
342649
342961
343103
343279
343907
344401
345269
345277
345347
345623
345949
346999
347279
347371
347447
347573
347881
348119
348121
348877
349873
350551
350893
351941
352603
352777
352861
353113
353281
353363
353377
354283
355673
355709
356177
356357
356627
356921
357403
357893
357991
358889
359039
359131
360403
360419
360931
361187
361259
361849
362039
362183
362441
362771
362849
363353
363593
363997
364093
364261
364409
364999
365111
365767
366617
366767
367153
367187
367253
367579
367643
368003
368051
368741
368821
368839
369337
369377
369653
370457
370757
370807
371599
371771
371989
372221
372259
372583
372683
372887
373277
373921
374251
374513
376139
376289
377101
377381
377803
377879
377977
378299
378457
378737
378857
379543
379739
379741
379759
380759
380981
381457
381847
382339
382673
383269
383407
383671
383953
384229
384953
385487
385789
385841
386779
386899
387143
387479
388511
389581
389681
389969
390589
390749
391277
391507
391763
392603
392641
393221
393391
393763
394067
394091
394171
394301
394463
394469
394627
395389
395413
395723
395929
396553
396779
396791
396857
398017
398093
398197
398351
398641
398737
398891
399397
399929
400021
400649
400891
400987
401003
401059
402047
402119
402377
402617
402673
404543
405443
405539
405617
405809
406459
407389
407837
408061
408613
408619
408977
409091
409459
409537
409679
409807
409907
409979
410027
410483
411701
411889
412043
412679
412733
413473
413489
413513
413927
414761
415001
415733
417359
417413
418367
418501
419689
419779
419983
420151
420281
420437
420491
420709
422299
423343
423673
423877
424153
424717
425137
426191
427093
427121
427667
427729
427741
428269
428443
428821
428917
428959
428993
429047
429059
429703
430037
430069
430109
430181
430561
431009
431059
431071
431393
431971
431989
432371
432787
432827
433583
434393
436129
436783
436897
437579
437623
437683
438337
438497
439181
439499
439931
439979
440369
440459
441017
441451
441599
442249
442423
443101
443617
443797
444559
444583
444853
445729
446161
446219
446371
446543
446653
447631
448537
448583
448711
448823
449341
451981
452261
452407
453749
453941
454463
455023
455087
455249
455467
455629
455839
456163
456593
456851
456917
456947
457111
457531
457753
457883
458177
458429
458699
458989
459061
459461
459587
459709
460067
460321
461663
461809
461969
462127
462317
462391
462701
463349
463517
463819
464977
465371
465397
465599
465623
465853
466379
467287
467323
467561
467771
467923
467947
467983
468617
469477
469709
469981
470069
470221
470567
470707
470861
471013
471083
471557
471629
472609
473171
474367
474473
474883
475733
475999
476213
476293
476389
476621
476711
476717
476797
476941
477599
478867
478969
479737
479819
479867
479981
481573
481969
483779
483919
484009
484277
485357
485453
485483
485501
485539
486973
487043
487493
488533
488923
489221
489347
489701
489859
490471
490817
491021
491033
491287
491723
492143
492179
492599
493837
494321
494831
495493
495917
496201
496267
496411
496513
496751
497531
497797
497941
498721
499049
499337
499867
500387
501107
502157
502223
502357
502589
502661
503119
503203
503219
503497
504239
505621
505721
505831
505933
506399
506503
506581
506921
506951
507527
507763
508163
509491
510113
510437
510863
510971
511493
512143
512293
512983
513011
513091
513343
513467
513581
514447
514883
515171
515467
515953
516203
516601
517409
517537
517703
518173
518251
518321
518459
519007
519851
520207
520613
520669
520777
521291
522793
523301
523361
523423
523451
524137
524441
525229
526313
526577
526961
527719
528239
528721
528923
529073
530039
530269
530561
530683
530779
531803
532459
532927
533147
535069
537419
538189
538193
538409
539213
539299
540013
540031
540929
541559
541789
542413
542449
542863
543317
543397
543527
544163
545009
545977
546577
547031
547307
547403
548101
549077
549127
549337
549881
549973
550481
550619
551777
551897
552157
552337
552361
552439
552647
552901
552977
553151
553283
553307
553429
553499
554159
554479
555103
556201
557077
557527
558013
558137
558373
558697
558751
559193
560267
560383
560401
560537
560909
561571
561593
561619
561793
562099
562109
562553
563333
563713
563911
566483
566597
566749
567113
567191
567977
568079
568489
568591
568697
569147
569477
569951
571327
571913
572191
574349
574571
574829
574841
574979
576239
576397
577039
578069
579847
579977
580651
582191
582503
583109
583201
584021
584299
585499
585817
586199
587761
587953
587957
588817
589397
589871
589987
590231
590761
591971
592253
593107
593189
593477
594043
594173
594259
594509
594631
594883
595643
596039
596287
596881
597061
597089
597109
597479
597791
597953
598343
599161
599957
600059
600161
600493
601063
601099
601343
601639
601723
601793
602491
602969
605273
605729
606061
606289
606761
607237
608351
610277
610369
610637
610663
611489
611747
612709
613103
613783
614069
614161
614269
614281
614473
614953
614987
615301
615973
616159
616541
617143
617891
618073
618169
619291
619631
620423
620779
621781
621899
622907
623053
624073
624187
624367
624947
625441
625649
625967
626243
626579
626903
627281
627743
629087
629107
629549
630277
631639
631801
631973
632341
632549
633109
633223
634877
636127
637057
637213
637501
638069
638311
638479
638947
639283
639427
640897
641071
641533
641899
641933
642331
642401
642539
643063
643483
643537
643813
644849
647447
647711
648149
648367
648419
648547
649289
650171
650729
651421
651571
651583
652177
652391
652979
653291
653869
655009
655609
656083
656437
656933
657367
657637
657847
658249
658627
659143
659293
659459
659717
660133
661489
662171
662297
662461
662593
662723
662807
663193
663379
663457
664021
664057
664333
664387
664759
664889
666943
667343
667453
667763
668053
668113
668119
668443
668467
668597
668981
669217
669343
669533
670753
670907
671569
671773
671813
672247
672407
672461
672547
674459
674881
674969
675757
676547
676817
678071
678233
678817
679057
680201
680423
680497
680899
681013
681199
681211
682103
683093
683203
684107
684401
684997
685507
685667
686369
686467
687419
687601
687761
687997
688931
689147
690121
690199
690527
690647
691291
692609
693347
694037
694153
694711
695399
695693
696767
697297
697679
697883
698149
698167
698473
699311
701269
702839
703697
703841
704267
704987
705149
705469
707851
709399
709493
709721
710279
710287
710387
710741
711247
711383
712421
713333
713729
714319
715931
716587
716753
716867
716977
717523
718061
718079
719897
722677
723953
724237
725251
725771
726581
727999
728339
728587
729401
729517
730211
731023
731099
732019
732379
732397
732577
732679
733049
734231
734399
735667
735899
736081
736103
737993
738901
740093
740587
740657
741289
741823
742319
743467
743569
744041
745597
745963
746467
746761
746923
747367
747667
748001
748109
748747
749251
749369
749599
749999
750047
750271
750371
751073
751117
751441
751589
751903
752509
752909
753041
753199
753343
753377
753887
753997
754291
755221
755353
755407
756611
756781
756851
757021
757249
757613
758257
758281
759461
759859
761819
761953
762029
762173
762733
763151
763813
763837
764077
764107
764213
764299
764663
764707
765239
766043
766243
766933
767341
767821
768973
769841
770683
770893
771383
771601
771713
772561
772627
772747
772883
772943
774281
775133
775211
775459
775769
776773
776981
777299
777923
778117
778207
778669
778747
780497
780557
781159
781447
782027
782317
783281
783943
783983
784123
785297
785371
786479
787691
787849
788453
789421
790477
790921
791267
791279
792527
792611
793483
794177
794303
794329
794929
795341
795637
796529
796903
797191
797527
798073
798103
798619
800461
801523
801719
802363
802591
802717
803017
803261
803633
804883
805813
805951
806083
806401
806957
806959
807421
808987
809089
810833
811009
812663
813821
815117
817469
819341
819551
819557
819703
823079
823411
823847
824023
825089
825317
825589
826127
826517
827513
827557
829607
829681
829837
832661
834079
834293
834871
834919
835277
835301
835903
837227
837337
838231
838267
838381
839807
840403
841171
841901
841949
842143
842603
843343
843917
843937
844021
844097
845149
845323
845569
845629
846103
846319
846467
846803
847753
849239
849389
849553
851269
851993
852361
852773
852931
853327
853351
854429
854603
854839
855223
855611
857323
857359
857999
858349
858587
858617
858829
859961
859967
861629
861961
862613
862679
862871
863273
863441
863453
866219
867107
869051
869647
869831
870539
870913
871121
871721
872779
873413
874201
875911
875989
876391
877033
877493
878069
878399
879763
879913
881731
881971
883313
883657
883801
884137
884551
885043
885349
887071
887531
887767
888571
890693
891857
892681
892961
893071
894347
894533
896849
897293
898031
898489
898697
899621
900083
900727
901723
901777
902387
903101
905183
905867
906251
906307
906379
907547
907607
907883
908023
908059
908693
909157
909263
909677
909709
910183
910991
911083
911117
911399
911857
911993
912277
914143
914999
915359
915619
916207
916439
916957
917057
917977
918163
918473
918713
918739
919091
919991
920993
921181
921941
922399
924883
925219
925931
928721
929219
929413
929447
930623
932993
933391
933461
933733
934163
934601
935083
935941
936503
936701
938779
939101
940123
940397
941107
942737
944597
944759
945187
945821
947231
947503
948301
948667
948743
948919
949469
950141
951527
953951
954493
954631
955517
955667
955733
956141
957613
957679
957919
958031
958267
961253
963037
963317
963383
963791
963971
964031
964127
964399
964409
965689
965981
966761
966767
967223
968399
969541
969949
969973
970171
970979
971689
971743
974153
974641
975059
975679
976379
978251
978559
979169
980347
981671
982327
982469
982913
983561
984077
984449
985373
985669
986093
986243
986407
986873
987521
988121
989789
990133
990203
990317
990839
990859
991033
991351
991513
992039
992041
992071
992149
992909
993659
993791
993901
994627
995221
995453
996139
997943
998341
998873
998911
998953
999461
1000157
1000451
1001101
1002581
1003481
1003759
1003987
1004791
1005881
1005929
1005973
1006081
1007287
1007393
1007639
1008673
1008739
1008893
1009009
1010959
1011467
1011497
1011743
1013113
1013867
1016471
1017493
1017587
1017941
1019171
1020251
1020373
1021337
1021967
1022111
1022267
1023137
1024201
1025473
1026533
1026967
1027813
1029257
1029649
1030087
1030363
1030853
1031087
1032533
1032947
1033709
1035737
1036487
1037363
1038101
1038181
1038439
1038491
1039729
1040279
1040513
1041541
1042147
1044853
1044947
1045453
1045771
1046411
1046629
1049353
1050589
1050649
1051129
1051447
1051867
1052669
1053641
1054637
1055711
1057873
1058857
1059013
1060483
1060699
1060859
1061329
1061989
1061999
1062137
1062389
1062631
1063567
1064501
1065793
1066057
1066103
1067531
1068017
1068521
1068673
1068983
1069261
1069763
1070159
1070261
1070393
1070549
1070639
1070969
1071079
1071167
1072079
1074797
1075189
1075931
1077899
1078267
1078487
1079567
1079843
1082051
1083281
1083493
1084781
1084789
1085951
1087777
1088279
1088653
1089293
1091089
1091309
1091437
1092407
1093483
1095371
1095373
1096409
1096657
1096877
1097149
1097287
1098497
1099451
1100191
1101167
1102357
1102837
1103719
1103771
1103801
1103813
1104211
1106143
1106597
1107143
1107229
1107391
1108141
1109179
1109503
1111729
1112219
1112989
1113017
1113353
1113487
1113767
1113839
1114123
1114187
1116671
1117357
1117381
1118531
1119901
1120099
1120177
1121717
1122347
1122613
1122637
1123049
1124323
1124471
1125493
1126813
1129357
1129771
1130309
1131289
1132843
1132889
1133269
1133389
1133549
1134473
1135829
1136563
1137041
1137193
1137319
1137599
1138421
1139161
1139953
1140329
1140791
1141883
1142623
1143229
1143343
1145117
1146469
1147829
1147943
1149713
1150753
1151467
1151947
1153259
1153447
1155757
1156993
1157297
1157551
1158043
1158239
1158727
1159051
1159747
1160053
1161863
1163681
1164017
1165091
1165169
1165243
1165313
1165559
1166377
1166821
1166911
1167451
1168543
1168991
1169087
1169837
1170371
1170937
1172551
1173197
1173377
1173517
1174597
1174813
1178027
1178467
1179067
1179481
1180007
1180601
1183139
1185137
1186223
1186399
1186781
1187533
1189543
1190099
1191181
1192463
1193597
1193749
1196441
1196549
1197253
1197839
1198331
1199041
1199347
1199827
1200481
1201133
1202083
1202533
1203539
1204067
1204267
1204897
1205957
1206901
1208629
1208861
1209361
1209613
1210291
1210331
1211213
1211993
1212529
1213831
1214033
1215689
1217173
1217939
1218031
1218053
1219723
1220683
1220881
1221287
1221911
1222927
1224787
1225447
1225639
1227307
1227953
1228769
1229407
1230721
1231151
1231913
1232059
1232557
1232723
1233227
1233517
1233941
1234481
1234553
1235317
1237703
1238513
1238581
1242559
1242919
1243553
1244147
1245011
1245109
1245163
1245677
1247971
1249357
1249583
1249783
1249883
1253233
1254083
1254391
1256377
1256491
1257661
1258067
1260241
1260527
1261781
1262567
1264349
1264493
1264721
1264841
1267087
1270069
1270331
1270697
1272809
1273169
1273897
1274281
1275013
1276531
1276931
1277333
1277641
1277797
1282691
1283209
1283489
1284121
1284643
1284853
1286143
1286507
1287037
1288373
1288663
1288811
1288867
1289291
1289293
1293601
1293637
1293973
1293997
1294547
1295017
1295467
1296353
1296359
1297511
1297949
1300087
1300909
1302797
1303301
1303993
1304099
1305757
1305833
1307783
1308961
1309771
1312307
1312973
1313251
1315129
1315333
1315529
1315939
1316489
1317179
1318217
1319449
1320239
1321861
1321883
1322059
1324333
1324987
1325189
1325683
1325879
1326539
1327993
1329199
1329227
1331833
1331867
1332437
1333037
1334083
1335559
1336063
1336787
1338829
1339021
1340513
1341671
1342373
1342777
1342807
1345793
1345867
1345871
1347809
1348213
1348453
1348741
1350901
1351369
1353851
1356841
1359889
1360643
1361693
1361873
1362073
1362877
1365053
1368533
1370477
1373023
1373443
1373503
1373653
1373657
1373963
1374203
1374491
1375447
1377647
1377889
1379611
1380481
1380767
1381943
1382351
1382413
1383661
1384147
1384211
1385047
1386409
1386841
1387303
1387541
1387577
1388389
1389571
1391099
1392973
1393037
1394339
1394803
1395971
1396231
1397593
1398589
1399903
1401143
1403201
1404913
1406183
1406957
1407239
1407943
1408469
1408777
1408783
1409339
1410151
1413343
1413421
1415767
1415807
1416269
1417529
1418981
1419343
1420343
1420427
1421051
1421053
1424179
1424897
1425353
1425409
1425587
1426339
1426709
1428619
1429577
1429991
1431719
1433447
1434197
1434371
1434701
1437827
1437941
1438799
1440073
1441499
1442047
1443599
1445471
1445551
1446743
1446937
1447829
1448669
1452799
1457609
1458823
1459919
1461323
1462481
1463951
1464511
1464989
1466341
1466587
1467409
1467643
1467671
1468031
1468393
1469443
1469579
1469759
1470397
1470691
1471961
1473299
1475689
1476197
1476289
1477967
1479407
1479563
1482539
1483639
1486831
1487573
1487999
1488391
1488523
1489603
1490123
1492847
1494131
1494949
1496347
1498043
1498127
1499599
1500329
1500481
1501183
1502393
1502777
1503433
1504229
1504357
1505909
1506019
1506541
1506913
1507463
1508137
1509271
1509317
1509527
1512059
1512899
1513783
1515389
1515781
1517381
1519003
1519879
1520081
1520413
1520899
1523471
1524197
1525463
1526857
1527527
1527881
1528003
1528031
1528297
1528403
1529107
1530239
1530643
1531979
1533209
1535437
1535551
1537519
1538161
1539511
1541017
1541479
1543097
1546661
1548467
1549589
1550239
1550491
1550687
1551227
1552027
1552717
1554263
1554571
1555019
1556033
1559237
1560233
1560397
1560721
1560863
1561031
1564217
1566269
1566511
1567831
1569091
1569179
1569707
1569851
1569929
1572797
1572889
1573309
1574803
1575149
1575403
1576429
1578113
1578371
1582261
1582397
1584119
1585751
1586591
1586639
1589221
1589491
1591123
1591963
1592551
1593919
1593941
1596937
1597627
1599947
1600849
1602467
1603171
1603271
1603753
1604767
1604861
1607189
1609159
1609709
1611457
1611989
1612357
1613111
1616369
1617151
1618031
1618711
1619819
1619833
1620109
1620599
1621463
1621759
1621813
1623673
1624631
1626671
1627453
1628087
1629413
1630537
1630613
1631239
1632269
1633433
1634621
1635239
1635391
1636639
1638457
1640719
1642019
1642477
1643263
1643927
1644403
1646507
1647733
1648033
1648849
1649761
1651997
1652093
1653637
1656269
1657567
1659577
1660717
1664051
1664503
1665049
1666831
1667177
1670609
1673033
1673129
1674493
1675123
1675309
1675699
1677803
1679309
1679947
1680563
1680691
1682617
1682729
1682743
1683709
1685743
1689959
1691743
1693369
1693849
1694417
1694843
1695371
1696337
1696997
1697611
1697639
1697879
1697923
1698673
1701929
1702007
1710367
1710977
1712273
1712797
1713337
1715993
1717759
1718621
1719313
1719371
1719577
1721263
1721429
1722011
1722971
1725331
1729097
1729649
1730639
1731281
1733377
1736129
1736489
1737319
1739161
1744889
1744943
1745483
1746077
1747667
1748867
1749607
1750339
1751669
1754329
1755329
1756847
1757051
1758047
1758749
1759853
1762879
1763233
1766833
1767673
1769219
1769347
1769461
1769993
1770577
1772621
1774147
1774727
1775993
1776413
1777177
1777549
1777747
1777793
1778467
1779251
1780553
1781149
1782023
1782691
1783433
1785967
1786049
1786273
1786723
1787963
1788883
1792481
1794887
1796681
1798453
1799443
1799587
1799873
1804661
1805929
1806037
1807747
1807859
1808423
1809347
1816877
1816939
1817917
1818683
1818701
1819019
1819627
1820587
1822279
1822897
1825507
1826309
1830109
1833277
1834247
1836377
1836883
1837883
1838701
1838731
1841981
1845871
1846841
1847201
1848173
1849769
1851323
1852927
1853491
1854803
1856143
1856501
1857019
1857263
1859129
1859887
1861283
1861289
1861987
1863227
1866061
1866299
1867627
1872413
1873933
1874203
1874581
1875001
1875017
1876943
1880371
1881689
1882213
1885193
1885397
1890353
1891081
1892323
1894199
1895783
1895849
1896283
1898173
1898191
1900123
1903721
1905731
1906207
1906657
1906913
1908593
1908953
1911499
1913557
1913621
1913869
1915603
1916743
1921333
1921429
1921487
1921609
1922587
1925093
1925713
1928611
1929001
1931249
1931791
1932409
1934069
1937249
1937561
1941007
1943153
1949369
1949617
1951337
1953131
1954009
1955143
1955377
1958023
1958479
1959193
1959931
1962179
1965163
1967629
1968727
1970323
1970411
1973497
1973593
1983959
1985131
1987961
1990057
1993619
1998649
1999759
2000197
2001817
2002031
2002703
2004883
2006167
2007143
2007689
2008651
2010769
2012599
2013007
2016569
2017523
2018363
2020453
2021209
2021707
2022887
2024521
2024629
2024657
2024783
2027261
2027551
2028161
2029771
2030767
2031761
2033519
2033849
2034863
2035217
2035463
2037241
2043131
2043827
2044397
2044501
2044891
2047013
2048393
2053609
2054279
2055731
2056213
2057437
2059081
2059483
2065249
2070007
2075971
2077877
2080313
2081993
2082701
2084171
2084717
2088337
2088707
2090107
2090707
2091329
2093233
2096803
2098753
2098843
2100349
2101133
2101919
2102063
2102437
2103263
2107871
2108189
2111143
2111833
2113367
2114557
2114617
2116241
2116421
2119111
2119133
2119303
2119459
2120149
2121169
2122051
2123543
2125139
2126489
2126777
2126981
2128537
2128541
2130511
2130677
2131159
2132093
2132681
2132687
2134177
2138131
2140247
2140451
2140703
2141869
2142089
2143919
2147557
2148917
2148931
2151833
2152963
2153003
2153521
2154437
2171791
2172451
2173271
2173541
2174779
2177033
2177213
2182277
2184737
2187433
2187947
2188051
2190319
2190941
2191307
2193923
2195821
2196323
2196769
2196907
2202623
2202901
2203471
2204549
2205979
2206411
2208043
2211191
2214581
2217979
2219099
2219473
2219717
2222029
2223017
2223257
2224693
2225633
2229011
2233703
2234203
2237791
2239313
2240207
2240467
2240813
2241647
2241737
2241817
2241979
2246243
2246887
2247631
2249503
2251961
2255923
2258609
2259991
2262109
2263123
2270869
2272847
2276083
2276597
2277829
2279441
2280457
2284159
2284309
2285573
2288233
2288459
2290307
2290679
2296043
2297167
2299261
2299861
2300099
2302831
2303839
2304173
2306461
2307017
2309311
2309617
2311877
2312473
2313341
2313463
2315351
2317247
2324323
2324983
2325359
2325373
2326651
2327543
2332261
2334659
2336329
2337199
2338187
2339219
2342999
2346583
2346703
2347589
2347973
2351621
2353921
2360159
2361613
2364031
2365661
2371349
2374367
2376701
2379121
2382131
2385869
2389927
2391677
2392583
2398813
2401141
2403059
2403241
2404553
2406563
2406869
2408027
2414891
2417563
2424397
2424467
2425789
2427577
2427871
2428967
2432107
2432231
2433647
2434667
2434921
2439053
2439821
2441983
2446681
2448011
2453863
2454659
2456599
2465597
2465741
2466307
2468783
2471789
2474293
2476519
2477509
2478689
2478841
2480141
2482687
2484607
2485141
2485981
2486353
2493433
2500073
2500567
2503519
2507831
2510939
2512793
2514833
2516159
2519227
2519617
2526833
2534897
2538251
2538391
2543197
2543603
2547047
2547343
2549957
2553493
2556751
2557103
2557627
2562101
2562877
2564167
2565091
2565217
2567189
2570929
2572439
2575961
2578327
2578427
2578637
2582777
2583851
2584297
2585663
2591371
2592091
2595221
2596193
2597789
2598319
2598853
2605079
2610301
2614673
2616853
2621557
2632193
2634851
2635291
2635441
2639363
2646751
2652857
2655503
2656781
2659757
2660443
2662463
2664283
2666113
2668867
2676287
2678003
2681711
2682419
2683691
2685421
2692097
2692607
2694331
2695621
2695939
2702207
2703721
2705449
2710231
2710493
2712727
2720617
2721601
2723573
2726429
2727079
2733691
2744717
2750747
2751169
2755591
2756051
2764273
2767123
2770343
2771441
2784559
2788613
2788897
2789051
2789749
2794853
2795329
2796389
2797787
2811929
2812889
2822167
2822489
2824831
2828821
2832607
2837837
2843443
2847151
2852579
2853839
2855639
2857033
2858593
2871523
2872411
2875259
2875283
2888911
2889431
2891149
2892059
2892377
2902061
2910571
2915819
2922877
2923631
2923979
2933851
2933969
2940901
2941189
2955083
2958643
2964373
2967829
2968051
2970889
2972261
2981599
2984251
2985841
2990627
3006697
3018781
3018937
3020093
3025391
3026797
3028777
3029011
3038941
3049093
3052277
3053983
3054907
3060479
3061879
3062713
3065021
3068363
3075427
3080629
3083677
3087001
3092293
3096871
3099883
3100247
3103561
3104419
3111937
3113503
3114649
3115367
3117929
3121451
3122291
3126971
3135541
3136297
3137473
3159259
3162571
3168299
3173123
3179053
3188663
3189023
3190703
3192797
3194287
3222311
3223733
3226709
3229801
3235511
3239993
3250969
3259063
3271339
3280769
3282119
3290381
3291089
3293201
3299657
3303043
3310847
3312329
3326693
3340063
3354413
3357671
3375643
3384079
3388739
3395533
3399479
3400889
3419627
3443647
3446539
3458669
3476461
3481061
3493157
3513751
3522229
3523859
3535661
3537761
3545653
3549431
3553373
3570251
3590989
3599803
3603497
3638783
3650321
3685439
3694003
3753443
3813809
3845377
