22
34
55
62
77
85
86
87
106
115
118
119
123
133
134
141
143
145
155
159
161
177
178
194
205
215
217
219
235
247
253
303
329
335
341
355
358
365
381
386
391
393
407
411
413
415
417
422
427
445
458
466
489
493
497
501
502
505
511
526
527
535
545
551
553
554
566
579
583
611
614
622
623
633
634
649
662
669
689
694
695
699
703
706
717
718
731
734
746
753
755
766
767
771
778
779
781
785
794
802
803
813
831
838
842
843
849
866
869
871
878
898
899
913
914
922
933
939
955
958
959
973
974
1003
1006
1007
1018
1027
1037
1042
1047
1057
1073
1111
1114
1126
1135
1138
1141
1142
1145
1147
1157
1159
1165
1167
1169
1174
1177
1186
1189
1198
1199
1203
1205
1207
1211
1214
1219
1227
1238
1247
1261
1263
1271
1273
1286
1293
1317
1333
1346
1347
1351
1371
1385
1391
1397
1401
1403
1417
1437
1457
1465
1473
1477
1478
1501
1507
1509
1514
1517
1522
1527
1529
1537
1541
1546
1555
1561
1569
1577
1589
1594
1623
1641
1642
1646
1649
1655
1658
1661
1671
1678
1679
1687
1691
1703
1707
1713
1717
1718
1731
1739
1745
1751
1761
1769
1779
1781
1793
1799
1807
1817
1837
1841
1843
1851
1853
1857
1883
1897
1903
1967
1981
1985
1991
2005
2019
2051
2059
2077
2095
2105
2123
2155
2157
2159
2165
2173
2189
2195
2215
2217
2229
2285
2305
2315
2327
2353
2359
2361
2363
2395
2407
2413
2419
2429
2435
2455
2463
2479
2483
2491
2497
2501
2509
2515
2533
2545
2559
2567
2573
2581
2589
2605
2611
2615
2623
2641
2651
2653
2681
2723
2735
2759
2761
2773
2807
2815
2831
2839
2845
2867
2869
2881
2899
2933
2941
2951
2959
2983
2987
2993
2995
3005
3053
3065
3073
3077
3107
3113
3161
3173
3199
3239
3241
3263
3265
3281
3293
3295
3377
3379
3397
3403
3415
3427
3431
3487
3497
3503
3505
3521
3587
3595
3601
3635
3647
3683
3715
3781
3805
3809
3839
3841
3845
3883
3899
3935
3937
3959
3961
3973
3991
3997
4031
4039
4055
4061
4069
4105
4109
4135
4145
4151
4181
4189
4193
4195
4265
4267
4285
4307
4309
4319
4333
4343
4381
4393
4417
4427
4439
4487
4499
4511
4531
4573
4579
4589
4601
4619
4627
4709
4717
4727
4739
4741
4747
4769
4777
4829
4837
4843
4847
4853
4979
4997
5029
5053
5071
5089
5111
5131
5137
5141
5149
5207
5221
5249
5251
5257
5263
5293
5311
5317
5339
5353
5383
5411
5429
5459
5461
5509
5513
5533
5539
5561
5567
5579
5587
5597
5599
5629
5633
5663
5671
5707
5723
5729
5731
5759
5761
5767
5777
5789
5809
5891
5899
5909
5947
5951
5959
5963
5971
5977
5983
6001
6017
6019
6071
6077
6103
6157
6169
6227
6233
6259
6281
6283
6289
6313
6341
6383
6403
6407
6431
6437
6439
6457
6467
6487
6533
6541
6613
6617
6649
6697
6731
6739
6757
6773
6787
6799
6847
6887
6893
6901
6913
6941
6989
7031
7033
7051
7061
7081
7087
7099
7117
7123
7141
7153
7157
7169
7171
7181
7199
7223
7249
7261
7277
7279
7313
7361
7363
7373
7379
7391
7403
7409
7421
7447
7453
7543
7571
7601
7613
7627
7663
7729
7769
7787
7801
7849
7957
7979
7997
7999
8023
8027
8033
8047
8051
8129
8143
8149
8153
8189
8207
8213
8227
8257
8261
8279
8299
8321
8333
8339
8341
8357
8371
8383
8399
8411
8473
8479
8489
8497
8507
8549
8551
8557
8579
8611
8633
8717
8749
8773
8791
8801
8809
8843
8873
8881
8891
8903
8909
8927
8947
8977
8983
9017
9053
9071
9073
9089
9119
9167
9179
9193
9253
9271
9301
9313
9329
9379
9383
9407
9427
9449
9451
9553
9557
9571
9617
9671
9673
9683
9701
9731
9761
9899
9913
9943
9991
9997
10057
10063
10097
10117
10121
10123
10183
10187
10189
10217
10231
10261
10277
10279
10291
10327
10361
10363
10379
10403
10421
10441
10471
10481
10489
10511
10517
10537
10541
10561
10573
10579
10583
10603
10649
10673
10679
10697
10727
10757
10807
10811
10823
10849
10981
10991
10999
11009
11021
11111
11129
11141
11147
11167
11269
11281
11303
11359
11377
11413
11477
11509
11513
11537
11563
11569
11573
11603
11629
11663
11723
11729
11741
11771
11773
11797
11857
11911
11917
11983
11989
12013
12031
12091
12151
12169
12179
12191
12209
12217
12317
12349
12359
12367
12371
12449
12461
12557
12559
12587
12629
12643
12667
12707
12709
12767
12811
12847
12863
12871
12877
12913
12931
12937
12989
13021
13081
13133
13141
13157
13199
13207
13213
13261
13271
13289
13301
13303
13319
13333
13373
13379
13423
13439
13459
13483
13501
13511
13579
13603
13609
13621
13639
13661
13733
13771
13777
13801
13843
13847
13861
13891
13919
13969
13973
13987
13991
14023
14039
14059
14089
14093
14101
14117
14123
14141
14171
14191
14219
14233
14239
14263
14317
14353
14359
14393
14429
14453
14477
14507
14579
14603
14617
14647
14681
14689
14711
14803
14857
14873
14899
14981
14999
15007
15019
15049
15089
15109
15133
15151
15157
15203
15229
15247
15251
15293
15311
15403
15529
15593
15637
15677
15689
15709
15713
15751
15833
15839
15871
15949
16019
16043
16151
16157
16199
16213
16243
16259
16271
16327
16351
16391
16397
16409
16441
16459
16463
16469
16483
16501
16531
16537
16559
16579
16591
16669
16721
16733
16771
16789
16817
16837
16873
16957
16969
16999
17063
17089
17111
17243
17279
17371
17399
17411
17429
17441
17447
17503
17593
17603
17617
17653
17671
17687
17701
17723
17741
17767
17777
17779
17813
17819
17861
17869
17933
17947
18079
18163
18167
18209
18247
18283
18299
18323
18349
18407
18463
18527
18611
18653
18721
18727
18779
18833
18857
18881
18923
18937
19007
19021
19093
19109
19153
19189
19277
19297
19303
19307
19337
19367
19493
19511
19517
19519
19529
19549
19631
19651
19667
19673
19729
19769
19781
19783
19787
19823
19829
19879
19883
19909
19933
20039
20057
20191
20257
20291
20329
20351
20381
20429
20437
20453
20513
20557
20567
20569
20597
20623
20659
20711
20737
20777
20803
20819
20831
20851
20863
20869
20987
20989
21037
21053
21103
21113
21331
21353
21389
21431
21533
21667
21719
21761
21779
21829
21883
21941
21949
21953
21971
21979
22177
22199
22223
22237
22301
22327
22339
22361
22387
22417
22459
22487
22489
22507
22523
22577
22579
22601
22663
22723
22733
22829
22873
22879
22889
22903
22909
22951
22969
22999
23033
23083
23119
23141
23147
23183
23263
23267
23281
23323
23363
23377
23381
23393
23467
23479
23587
23641
23657
23701
23711
23797
23839
23843
23861
23867
23939
23951
23963
24047
24131
24163
24209
24217
24221
24287
24307
24313
24319
24331
24347
24461
24467
24511
24539
24553
24559
24569
24581
24601
24617
24641
24653
24707
24727
24743
24751
24823
24883
24887
24901
24931
24949
24991
25009
25027
25049
25063
25079
25159
25273
25297
25331
25379
25429
25477
25489
25499
25513
25559
25591
25651
25709
25757
25777
25787
25807
25843
25871
26051
26063
26101
26149
26167
26219
26233
26291
26311
26363
26441
26447
26471
26483
26549
26567
26603
26617
26629
26773
26791
26827
26837
26963
26977
26989
27007
27019
27023
27029
27089
27101
27161
27169
27229
27233
27263
27317
27331
27359
27371
27383
27473
27563
27589
27593
27641
27649
27661
27679
27707
27821
27877
27977
28013
28073
28103
28157
28247
28321
28381
28417
28421
28453
28471
28733
28801
28829
28841
28891
28939
28981
28993
28997
29011
29069
29143
29149
29459
29467
29479
29489
29503
29591
29639
29651
29681
29707
29737
29747
29779
29797
29839
29857
29891
29941
29951
29999
30007
30127
30143
30157
30193
30227
30257
30301
30377
30451
30487
30523
30551
30587
30599
30607
30623
30629
30673
30683
30691
30739
30743
30791
30857
30883
30967
30973
30997
31021
31037
31043
31049
31099
31111
31169
31261
31289
31309
31313
31351
31363
31417
31459
31519
31553
31621
31679
31709
31753
31777
31781
31789
31819
31831
31861
31879
31919
31921
31931
31937
31949
31951
32033
32047
32101
32111
32171
32231
32273
32287
32311
32477
32639
32651
32663
32863
32881
32899
32947
32951
33043
33067
33101
33157
33169
33197
33239
33323
33401
33431
33433
33571
33659
33661
33673
33823
33899
33919
33989
34043
34049
34079
34081
34087
34121
34163
34271
34343
34387
34399
34427
34451
34547
34553
34571
34579
34609
34633
34691
34711
34777
34861
34889
34921
34927
34933
34943
34967
35011
35041
35183
35197
35237
35239
35263
35303
35341
35501
35551
35579
35653
35657
35669
35713
35723
35807
35881
35947
35953
36059
36173
36199
36247
36391
36401
36437
36503
36521
36539
36719
36811
36893
36989
37067
37073
37129
37229
37291
37319
37327
37343
37523
37577
37669
37801
37823
37931
37937
37979
38009
38021
38081
38117
38123
38179
38243
38257
38263
38293
38359
38413
38419
38429
38473
38477
38503
38509
38579
38587
38659
38761
38789
38807
38837
38849
38869
38897
38957
38963
38999
39037
39131
39187
39203
39211
39223
39269
39271
39283
39407
39427
39493
39497
39547
39617
39707
39731
39833
39889
39911
39913
39917
39931
40003
40081
40097
40121
40141
40199
40211
40217
40247
40259
40267
40279
40297
40301
40309
40501
40541
40553
40561
40567
40619
40633
40657
40669
40727
40753
40757
40769
40967
40981
40991
41029
41053
41087
41099
41273
41291
41303
41311
41339
41347
41417
41537
41563
41677
41683
41693
41707
41749
41869
41891
42001
42037
42059
42121
42173
42583
42607
42761
42799
42851
42869
42881
42907
42919
42947
42983
43039
43213
43243
43247
43259
43273
43289
43343
43349
43429
43523
43531
43553
43601
43619
43621
43657
43709
43727
43751
43763
43831
43837
43847
43921
43931
43949
43957
44063
44069
44117
44243
44287
44309
44323
44329
44431
44467
44477
44581
44599
44719
44749
44767
44801
44831
44899
44903
44911
44923
44929
45041
45047
45091
45113
45151
45173
45187
45209
45257
45323
45349
45571
45607
45649
45719
45739
45761
45803
45811
45889
45901
45937
46009
46169
46177
46243
46259
46339
46363
46373
46421
46433
46513
46547
46561
46609
46789
46843
46847
46909
46927
46961
46973
46979
47029
47053
47071
47231
47261
47347
47479
47503
47539
47561
47573
47603
47689
47813
47897
47959
48043
48101
48107
48133
48149
48151
48233
48253
48287
48361
48403
48493
48617
48641
48683
48703
48709
48793
48827
49051
49067
49129
49183
49187
49327
49373
49403
49447
49501
49513
49573
49583
49591
49607
49771
49859
49883
49949
49981
50041
50059
50081
50137
50161
50203
50249
50279
50299
50327
50419
50443
50447
50467
50569
50731
50759
50803
50819
50851
50861
50903
50917
50927
50959
50987
51067
51113
51211
51223
51269
51377
51397
51671
51703
51757
51761
51809
51811
51847
51917
51923
51937
52033
52109
52219
52277
52337
52399
52471
52487
52537
52621
52643
52753
52909
52939
52961
52993
53059
53071
53213
53237
53293
53311
53357
53369
53387
53399
53461
53489
53509
53531
53663
53701
53803
53821
53953
54023
54029
54071
54199
54227
54337
54569
54599
54611
54707
54793
54841
54863
54889
54913
54931
54953
54991
55189
55193
55379
55387
55421
55493
55553
55577
55669
55747
55859
55877
55919
55963
55969
56033
56159
56291
56317
56323
56341
56363
56387
56461
56549
56587
56689
56723
56759
56801
56839
56863
56887
56939
57007
57067
57181
57227
57353
57371
57377
57403
57419
57433
57451
57479
57517
57539
57583
57619
57821
57907
58033
58103
58183
58241
58291
58297
58433
58483
58547
58649
58651
58801
58813
58829
58847
58853
58879
58951
58969
59099
59153
59249
59251
59291
59309
59431
59623
59677
59713
59749
59803
59821
59849
59947
59953
60031
60119
60131
60143
60227
60341
60371
60391
60433
60479
60551
60833
60839
60941
61021
61069
61073
61079
61097
61133
61177
61181
61267
61273
61279
61307
61367
61601
61697
61759
61771
61823
61849
61913
61937
62021
62173
62239
62291
62317
62333
62389
62429
62431
62449
62521
62561
62609
62707
62729
62759
62807
62809
62831
62963
63101
63139
63293
63407
63451
63619
63787
63797
63881
63893
63911
63961
63991
64093
64159
64241
64291
64297
64321
64349
64367
64517
64529
64643
64703
64711
64769
64777
64807
64829
64913
64949
64979
64993
65041
65081
65207
65237
65291
65339
65473
65509
65591
65623
65669
65869
66013
66023
66127
66151
66233
66259
66289
66389
66421
66511
66641
66761
66767
66817
66839
66887
66893
67063
67097
67147
67159
67253
67259
67297
67313
67513
67517
67519
67591
67667
67721
67729
67981
68093
68129
68143
68177
68203
68251
68303
68309
68441
68461
68599
68641
68681
68707
68773
68911
68983
69007
69053
69229
69269
69319
69353
69361
69451
69469
69527
69551
69583
69637
69647
69721
69733
69791
69841
69917
69973
70027
70303
70513
70517
70523
70531
70579
70597
70613
70691
70727
70739
70751
70757
70799
70801
70933
71033
71063
71107
71131
71173
71177
71189
71219
71273
71297
71377
71441
71501
71557
71651
71657
71677
71683
71831
71977
71989
72001
72071
72203
72311
72389
72419
72433
72517
72593
72619
72659
72691
72833
72899
73027
73069
73081
73111
73187
73211
73247
73313
73357
73373
73427
73429
73537
73603
73639
73753
73789
73861
73903
73919
73937
73981
74227
74299
74329
74447
74491
74663
74671
74801
74807
74939
75043
75067
75077
75137
75143
75301
75319
75349
75433
75451
75469
75749
75827
75841
75851
75917
75953
76127
76151
76201
76309
76327
76339
76397
76409
76451
76457
76499
76591
76621
76633
76639
76807
76859
76861
76897
76987
77059
77087
77131
77179
77309
77321
77353
77507
77629
77927
77953
77971
77989
78011
78061
78257
78343
78371
78373
78391
78473
78563
78581
78667
78671
78703
78731
78937
78973
79003
79061
79207
79213
79223
79381
79487
79501
79523
79567
79637
79753
79831
79897
79913
79927
80033
80099
80131
80137
80203
80303
80357
80419
80551
80573
80813
80851
80999
81217
81247
81269
81337
81407
81469
81691
81709
81793
81797
81803
81841
81911
82063
82091
82151
82169
82321
82333
82427
82519
82583
82597
82661
82711
82877
82919
82921
82937
82949
83261
83309
83323
83539
83569
83593
83627
83647
83693
83767
83779
83803
83849
83959
83971
83981
84043
84107
84197
84209
84257
84373
84517
84587
84671
84739
84803
84823
84863
84907
84937
84943
85003
85013
85073
85207
85273
85279
85387
85409
85499
85511
85759
85763
85769
85801
85919
85973
86041
86221
86299
86329
86447
86483
86557
86563
86591
86609
86657
86699
86701
86741
86777
86897
86909
86941
87007
87019
87053
87163
87173
87341
87361
87707
87709
87713
87817
88013
88057
88061
88147
88181
88271
88303
88307
88357
88391
88433
88453
88489
88531
88631
88637
88831
88871
88973
89027
89147
89197
89239
89321
89351
89359
89461
89489
89693
89701
89773
89893
89933
89951
90029
90043
90131
90143
90521
90557
90637
90751
90767
91027
91111
91211
91271
91313
91327
91337
91417
91601
91643
91657
91699
91769
91879
91913
91999
92117
92201
92231
92303
92341
92563
92747
92773
92839
92843
92879
92999
93017
93073
93101
93259
93343
93349
93437
93469
93473
93593
93623
93749
93781
93881
93883
94043
94051
94103
94319
94361
94417
94631
94663
94667
94937
94957
95297
95299
95371
95681
95807
95861
95939
95951
96133
96359
96361
96403
96409
96427
96521
96571
96659
96727
96791
96869
96913
96983
97133
97183
97297
97319
97333
97399
97507
97627
97639
97663
97693
97697
97913
98171
98191
98291
98303
98381
98431
98437
98537
98551
98587
98723
98783
98789
99031
99091
99167
99457
99511
99647
99653
99677
99691
99919
99949
100097
100273
100277
100337
100553
100873
100889
100951
101053
101069
101219
101243
101291
101369
101461
101579
101597
101623
101887
102029
102209
102287
102371
102709
102721
102989
103031
103057
103127
103219
103249
103321
103351
103373
103429
103463
103487
103603
103739
103793
103973
104077
104437
104477
104521
104641
104647
104983
105113
105223
105283
105289
105353
105463
105661
105851
105901
106009
106091
106241
106247
106289
106387
106741
106763
106829
107059
107087
107143
107221
107257
107311
107381
107399
107447
107531
107551
107567
107623
107743
107753
107759
107813
107819
107869
107917
108049
108197
108323
108331
108371
108659
108811
108853
109051
109061
109163
109189
109217
109237
109289
109393
109493
109699
109867
109909
109999
110087
110111
110137
110179
110203
110207
110387
110489
110633
110657
110683
110707
110723
110767
110783
110893
110953
111077
111101
111107
111277
111313
111547
111557
111613
111677
111899
112037
112039
112117
112169
112193
112219
112267
112367
112391
112711
112883
112949
113293
113299
113353
113401
113507
113549
113629
113669
113803
113851
114007
114137
114211
114271
114307
114397
114449
114481
114511
114581
114739
114791
114857
114871
114929
115097
115187
115231
115393
115439
115519
115567
115711
115813
115937
115939
116003
116021
116063
116183
116321
116383
116509
116629
116651
116723
116749
116813
116821
116887
116939
117067
117083
117197
117199
117367
117613
117869
117961
118007
118087
118091
118193
118229
118231
118267
118301
118319
118397
118403
118477
118501
118627
118837
118969
118991
119113
119143
119167
119309
119387
119401
119423
119477
119599
119879
119941
120217
120457
120541
120761
120979
120983
121183
121409
121477
121549
121603
121651
121673
121679
121783
121813
121859
122461
122539
122627
122669
122711
122821
123103
123197
123223
123241
123559
123679
123689
123857
123889
124043
124099
124261
124307
124373
124519
124547
124997
125011
125347
125473
125479
125513
125549
125561
125569
125701
125771
125999
126043
126251
126277
126283
126389
126773
126811
126869
126911
127013
127067
127199
127327
127459
127553
127693
127723
127847
127957
128077
128081
128083
128329
128417
128539
128543
128633
128851
129133
129163
129299
129307
129343
129431
129781
129799
129809
129823
129839
129889
129911
129923
129947
130133
130177
130381
130453
130661
130733
130759
130813
130979
131029
131147
131179
131227
131273
131407
131429
131539
131587
131653
131723
131753
131773
131827
131977
131981
132079
132133
132289
132317
132577
132673
132731
132997
133043
133061
133123
133249
133369
133577
133667
133729
133787
133891
133907
133927
134149
134231
134237
134411
134483
134557
134599
134723
134773
134801
134903
134983
135073
135103
135229
135293
135307
135437
135529
135557
135659
135683
135931
135991
136007
136061
136427
136469
136517
136699
136757
136771
136847
136891
137261
137317
137407
137591
137611
137821
137833
138037
138097
138223
138367
138659
138767
138857
139039
139057
139189
139351
139471
139499
139567
139639
139673
139957
140003
140033
140149
140299
140311
140431
140561
140669
140713
140873
141149
141191
141203
141217
141293
141343
141467
141469
141733
141751
141877
141913
141923
142033
142141
142283
142379
142451
142523
142663
142691
142819
142829
142847
143081
143119
143149
143237
143321
143323
143369
143371
143399
143417
143441
143761
143863
143993
144113
144121
144227
144293
144317
144359
144401
144587
144673
144811
144841
144869
144919
145147
145237
145247
145309
145699
145801
145867
145961
146087
146101
146207
146231
146233
146401
146429
146747
146771
146791
146869
146873
146929
146959
147061
147167
147247
147337
147379
147403
147643
147857
147911
148039
148081
148163
148231
148237
148261
148289
148417
148613
148697
148987
149129
149291
149449
149599
149687
149927
150049
150079
150173
150251
150349
150737
150751
150809
150851
150859
151139
151267
151439
151493
151709
151751
151979
152021
152071
152227
152333
152431
152573
152591
152687
152771
153031
153061
153103
153193
153211
153253
153397
153677
153761
153821
154093
154117
154199
154289
154381
154393
154421
154457
154477
154519
154577
154663
154741
154963
154967
155033
155117
155213
155447
155647
155929
155959
155989
155999
156067
156187
156203
156263
156379
156407
156433
156517
156613
156773
156811
157009
157373
157379
157501
157537
157541
157631
157979
158183
158381
158453
158461
158549
158603
158819
158839
159037
159083
159197
159301
159451
159517
159611
159641
159727
159829
159997
160249
160271
160529
160561
160661
160763
161113
161191
161197
161353
161389
161509
161737
162049
162167
162193
162361
162397
162797
162871
162923
162991
163073
163213
163237
163291
163333
163379
163687
163777
163903
164009
164107
164119
164261
164629
164651
164737
164783
164797
164851
164897
164959
165029
165073
165169
165283
165409
165791
165911
166057
166121
166213
166279
166381
166391
166493
166531
166717
167137
167303
167539
167719
167821
167929
168163
168319
168479
168583
168661
168881
168923
168941
169187
169363
169391
169511
169669
169703
169739
169747
169801
169921
169927
169963
170147
170161
170171
170377
170477
170567
170789
170869
170941
171001
171121
171371
171389
171463
171533
171739
171781
171839
171841
171901
171911
171953
171961
171979
171991
172187
172189
172379
172429
172699
172747
172831
173153
173203
173377
173479
173711
173749
173843
173939
173989
174151
174661
174683
174719
174919
175031
175093
175187
175207
175337
175477
175531
175577
175793
176039
176093
176147
176219
176251
176269
176563
176963
176999
177097
177139
177313
177557
177641
177773
177851
177959
178097
178253
178573
178667
178723
178729
179063
179551
179609
179629
179677
179983
180049
180109
180197
180223
180373
180407
180683
180781
180919
181057
181249
181367
181427
181451
181541
181651
181733
181807
181829
181879
182051
182113
182383
182527
182731
182909
183101
183467
183643
183791
183811
183893
183983
184423
184573
184799
184819
184861
185329
185489
185609
185701
185719
185879
186289
186421
186467
186493
186503
186623
186803
186911
187261
187529
187709
187757
187813
188009
188053
188093
188131
188183
188381
188467
188501
188549
189097
189121
189191
189209
189367
189383
189419
189667
189731
189809
189883
189971
190007
190033
190163
190219
190237
190637
190721
190903
190987
191003
191111
191201
191407
191483
191591
191753
191759
191941
192077
192397
192419
192427
193091
193121
193279
193351
193519
193631
193673
193747
194111
194171
194177
194297
194333
194393
194417
194849
194923
194927
194947
195337
195409
195451
195487
195553
195563
195577
195589
195673
196219
196787
196891
197177
197189
197401
197503
197513
197633
197653
197819
197861
197881
198001
198103
198131
198547
198643
198661
198691
198739
198931
199091
199163
199543
199553
199841
199973
200027
200047
200143
200147
200219
200269
200471
200623
200749
200819
200917
201079
201563
201659
201793
202039
202117
202199
202247
202379
202463
202537
202669
202903
203041
203059
203257
203299
203561
203689
204109
204703
204829
204889
205027
205147
205193
205573
205729
205741
205811
205973
206257
206267
206537
206573
206581
206621
206711
206837
206861
206881
206957
207019
207211
207313
207577
207659
207761
207839
207853
207913
207937
207983
208027
208547
208903
208921
209051
209329
209483
209501
209537
209683
209723
210649
210871
211031
211447
211511
211621
211703
211759
212153
212197
212413
212533
212539
212647
212711
212833
212887
213013
213053
213277
213331
213377
213419
213443
213779
213793
213841
214099
214121
214157
214231
214271
214289
214777
215107
215287
215609
215759
215987
216017
216031
216089
216283
216409
216449
216673
216691
216793
217699
217927
218011
218129
218159
218663
218683
218759
219239
219341
219347
219413
219781
220061
220067
220219
220397
220499
220567
220657
220733
220819
220991
221057
221129
221147
221189
221341
221387
221503
222083
222221
222463
222559
222743
222757
222763
222829
222973
223001
223033
223121
223427
223709
223723
224051
224173
224339
224387
224507
224647
224747
224753
224971
225031
225047
225391
225487
225551
225593
225763
225803
225917
226073
226273
226351
226411
226489
226529
226591
226687
226801
226969
227021
227119
227173
227329
227333
227369
227429
227779
227923
228101
228169
228343
228391
228673
228721
229193
229367
229417
229429
229457
229597
229633
229829
229871
229991
230119
230141
230183
230287
230557
230591
230677
230689
230701
230803
230887
231163
231263
231377
232031
232247
232327
232361
232721
232789
232889
232909
233039
233333
233383
233521
233531
233539
233789
233843
233873
234253
234263
234601
234607
234679
234901
235363
235387
235421
236083
236273
236311
236581
236941
237077
237299
237449
237793
237989
238097
238367
238411
238981
239021
239149
239159
239249
239663
239693
240133
240391
240403
240979
241001
241103
241139
241159
241237
241399
241607
241673
241763
241853
241949
242311
242321
242503
242531
242537
242587
242623
242653
242909
242917
243013
243043
243097
243361
243407
243569
243779
243811
243923
244609
245009
245459
245503
245603
245827
246101
246751
246973
246991
247021
247237
247801
247883
248459
248581
248977
249349
249401
249761
249929
249979
250099
250277
250519
250567
250661
250981
251029
251599
251683
251687
252167
252221
252397
252521
252859
252997
253021
253087
253163
253261
253303
253723
253807
253843
253889
254017
254477
254503
254539
254549
254701
254759
255067
255271
255331
255583
255811
255953
256379
256583
256631
256769
256793
256847
256859
256973
257041
257087
257129
257573
257693
257743
257819
257821
257891
257911
258749
258851
258857
259241
259291
259307
259361
259367
259447
259477
259757
260119
260257
260501
260599
260867
260929
260977
260993
261473
261853
261889
262279
262309
262679
262921
263099
263231
263563
263713
263873
264193
264203
264259
264373
264389
264623
265103
265189
265283
265301
265357
265679
265687
265963
265997
266257
266473
266657
266789
266803
267221
267779
268187
268231
268241
268259
268381
268393
268441
268483
268577
268589
268633
268711
268769
268799
268867
269107
269417
269677
269849
270119
270607
271151
271171
271213
271259
271477
271559
271751
271781
271961
272387
272413
272501
272543
272551
272689
272869
273089
273199
273331
273743
273883
275141
275237
275377
275617
276121
276139
276677
276931
277009
277091
277133
277337
277507
277553
277709
277819
277931
277943
278281
278419
278423
278699
278857
279287
279533
279733
280081
280123
280723
281417
282223
282277
282341
282361
282533
282749
282803
282883
282943
283319
283469
283513
283667
283819
284033
284329
284437
284569
284629
284887
284891
284929
285443
285581
286123
286177
286207
286283
286529
286597
286667
286709
286921
287227
287461
287543
287633
287809
287879
288139
288329
288367
288619
288791
289073
289279
289529
289621
289813
289981
290503
290639
290891
291133
291311
291463
291527
291713
291931
292139
292687
292937
292967
293141
293383
293551
293851
293933
294071
294109
294449
294527
294677
294971
295121
295261
295447
295609
295907
295991
296029
296167
296423
296449
296501
296789
296893
297491
297697
297709
297821
297943
298139
298147
298267
298273
298279
298421
298531
298901
299141
299347
299837
299899
300479
300529
300983
301151
301163
301187
301337
302041
302077
302117
302249
302251
302339
302699
302893
302947
303227
303349
303509
303887
303929
303973
304583
304679
304951
305117
305161
305293
305321
305579
305887
305909
306067
306113
306143
306233
306611
306667
306979
307561
307663
307739
307753
307829
307913
307961
308381
308911
308953
308963
309389
309821
309847
309913
310033
310613
311243
311249
311251
311599
312017
312157
312337
312947
313337
313433
313451
313591
314087
314291
314323
314443
314669
314749
314791
314863
315071
315479
315619
315641
316157
316159
316409
316721
317461
317567
317677
318011
318047
318169
318509
318517
318551
318859
319369
319373
319597
319933
320233
320357
320381
320813
320857
320933
321179
321703
321719
321787
321907
322211
322423
322499
322831
323161
323287
324013
324371
324563
324851
324899
325141
325433
325561
326423
326699
326849
327077
327157
327287
327751
327781
328319
328387
328459
328841
329221
329699
330023
330301
330443
330481
330989
331327
331439
331811
331817
332377
332407
332429
332483
332693
332897
333163
333373
333607
333859
333961
334151
334879
335243
335353
335431
335779
335789
335827
336289
336607
337087
337199
337499
337723
338243
338363
338519
338593
338641
339061
339281
339379
339893
340531
340589
340667
341371
341431
341689
341969
342029
342161
342611
343171
343339
343507
343999
344191
344381
344401
344593
344783
345101
345113
345119
345383
345493
345623
345703
346781
347351
347713
347863
348091
348119
348167
348233
348497
348641
348877
349009
349541
349799
350153
350239
350297
350821
351073
351331
352307
352717
352967
353029
353071
353219
353261
353273
353363
353449
353851
353909
354509
354713
355387
355843
355897
356309
356353
356359
356437
356627
356809
356957
356971
357299
357407
357853
358091
358781
359039
359123
359273
359659
359831
359893
359903
359999
360419
360473
360881
360883
360991
361297
361393
361567
361609
361639
361841
362009
362773
363053
363287
363353
363509
363593
363703
364087
364729
365737
365971
366257
366361
366623
367063
367153
367187
367529
368131
368351
368413
368629
368659
368741
369389
369437
369527
369713
370229
370397
370607
370807
370817
371011
371017
371323
371677
371687
372091
372863
372949
373601
373729
373871
374183
374503
374519
374567
374599
374861
374971
375197
376223
376711
376781
377101
377969
378737
378767
378853
378857
379231
379403
380113
380243
380431
380771
381151
381299
381763
381923
382169
382259
382937
382997
383017
383311
383423
383731
383827
383959
384341
384529
384793
386209
386417
386443
386779
386803
387229
387349
387511
387553
388007
388321
388457
388469
388589
388627
389033
389087
389821
390457
390589
390787
391147
391327
391421
391813
392453
392773
393179
393233
393457
394159
394217
394663
394741
394913
395051
395861
395911
395999
396553
396611
396731
396791
397091
397669
397703
397717
397843
398003
398351
398869
399089
399799
399827
400219
400583
400891
400921
401153
401461
401881
402749
402901
403021
403127
403967
404093
404207
404471
404477
404839
404939
405019
405523
405673
406603
406877
407933
408281
408587
408593
409301
409763
410027
410503
410677
410939
411487
411601
411623
411949
412163
412679
412963
413909
414079
414863
415291
415411
415693
415981
416021
416029
416057
416831
417077
417889
418193
418307
418679
418823
419063
419479
420437
420491
420643
420787
421411
421961
421969
422053
422419
422531
422941
423107
423733
424153
424253
424663
425023
425507
426109
426347
426749
427643
427667
428641
430429
430681
430867
431633
432119
432517
432739
432947
433567
433957
434531
434617
434669
435473
435599
436433
436927
437119
437561
438359
439067
439097
439169
440533
440747
441289
441383
442661
442931
443081
443507
443617
443713
443929
444139
444313
444359
444931
445243
445651
445999
446143
446497
446707
447497
447803
448211
448489
448711
449087
449257
449329
449341
449623
449849
450013
450097
450181
450613
451001
451463
452261
453007
453727
454957
455369
455459
455839
456017
456751
457297
457361
457441
458431
458723
458737
458933
459659
459917
460321
460631
460639
461753
461939
462317
462977
463027
463081
463349
463361
464573
464719
464869
465193
466309
466691
466727
466793
467069
467149
467839
468287
468583
468791
468833
469537
469933
471319
471397
471773
472061
472621
472987
473359
473717
473881
474251
474473
474577
474871
476263
477349
477403
477667
478463
478487
478649
479069
479093
480191
480547
480691
481927
482491
482893
483047
483101
483779
483887
484103
485179
485239
485357
485449
486209
486751
486853
487063
488039
488479
488771
489323
489637
489779
490411
490489
491597
491779
492181
492277
492773
493343
494909
495373
495643
496241
496411
496597
496933
497039
497347
498347
498863
500039
500639
500771
502009
502357
503011
503059
503203
503273
504019
504239
504467
504499
504737
505829
506041
506503
506581
506771
507469
507791
508309
509407
509437
509461
509627
509771
510947
510953
511493
511759
512489
512653
513151
513343
513413
514307
515197
515659
516259
516937
517031
518051
518569
518633
518663
520187
520199
520229
520441
520613
520843
521413
522713
523087
523321
523423
525223
525227
525851
526301
526451
527903
528007
529019
529189
529409
529651
530483
530657
531761
532459
532891
533047
533131
534197
534449
536071
536363
537419
537521
538243
539069
539477
539969
541039
541337
542357
544003
544283
544351
544619
545221
545803
546647
546773
547693
547969
548057
548479
550727
552533
553913
554479
554579
555773
557917
557983
557993
558697
559063
559423
559621
562127
562379
565073
565853
566207
567109
568291
568507
568511
571247
572839
573043
574999
576871
576923
579727
580189
581543
582089
583109
585161
585209
586343
587761
588139
588143
589429
589597
590299
591037
591737
592171
594463
596051
596333
597851
600757
602159
602573
602683
603241
603259
603329
606191
608351
611867
613307
613927
614461
614987
616081
616571
620021
623039
624493
624781
626039
626303
627401
627553
629347
630089
630367
630869
632887
633323
633779
634801
635963
636179
636683
637757
638237
640603
640817
643607
644773
645191
646127
646367
647701
648749
652177
653291
653699
654337
659033
659119
660293
662461
663647
664007
667099
668683
671311
675683
676033
679181
680429
680621
682267
683029
688819
691783
698167
699893
700313
705239
705431
706957
708739
712111
715667
719023
